3.64,-13.31,-4.81,0.0;-13.4,-4.71,0.0;-13.22,-4.72,0.0;-13.23,-4.91,0.0;-13.41,-4.91,0.0;-13.4,-4.71,0.0;
8.64,-12.82,-4.47,0.0;-12.88,-4.35,0.0;-12.63,-4.38,0.0;-12.66,-4.62,0.0;-13.03,-4.55,0.0;-13.02,-4.5,0.0;-12.99,-4.33,0.0;-12.88,-4.35,0.0;
9.6,-12.42,-4.06,0.0;-12.49,-3.92,0.0;-12.21,-3.96,0.0;-12.25,-4.21,0.0;-12.64,-4.17,0.0;-12.61,-4.05,0.0;-12.57,-3.91,0.0;-12.49,-3.92,0.0;
22.97,-12.1,-3.71,0.0;-11.82,-3.71,0.0;-11.86,-3.95,0.0;-12.45,-3.85,0.0;-12.4,-3.53,0.0;-12.11,-3.58,0.0;-12.09,-3.46,0.0;-12.09,-3.45,0.0;-11.78,-3.52,0.0;-11.82,-3.71,0.0;
5.31,-12.7,-2.9,0.0;-12.6,-2.99,0.0;-12.61,-3.04,0.0;-12.83,-2.98,0.0;-12.8,-2.82,0.0;-12.79,-2.76,0.0;-12.57,-2.8,0.0;-12.6,-2.99,0.0;
5.8,-12.79,-4.11,0.0;-12.97,-4.01,0.0;-12.62,-4.04,0.0;-12.64,-4.17,0.0;-12.64,-4.23,0.0;-12.91,-4.2,0.0;-12.9,-4.12,0.0;-12.97,-4.12,0.0;-12.97,-4.01,0.0;
16.37,-13.27,-4.29,0.0;-13.35,-3.92,0.0;-13.13,-3.93,0.0;-13.2,-4.67,0.0;-13.42,-4.65,0.0;-13.35,-3.92,0.0;
3.28,-13.07,-2.85,0.0;-13.15,-2.75,0.0;-12.96,-2.78,0.0;-12.98,-2.95,0.0;-13.18,-2.91,0.0;-13.15,-2.75,0.0;
4.42,-12.76,-3.69,0.0;-12.94,-3.6,0.0;-12.57,-3.65,0.0;-12.59,-3.77,0.0;-12.95,-3.72,0.0;-12.94,-3.6,0.0;
2.75,-13.09,-3.0,0.0;-13.18,-2.91,0.0;-12.98,-2.95,0.0;-13.0,-3.08,0.0;-13.2,-3.05,0.0;-13.18,-2.91,0.0;
3.29,-12.74,-3.08,0.0;-12.83,-2.98,0.0;-12.61,-3.04,0.0;-12.64,-3.17,0.0;-12.87,-3.13,0.0;-12.83,-2.98,0.0;
4.64,-12.8,-3.93,0.0;-12.97,-3.84,0.0;-12.6,-3.89,0.0;-12.62,-4.02,0.0;-12.99,-3.97,0.0;-12.97,-3.84,0.0;
15.15,-13.18,-3.48,0.0;-13.02,-3.15,0.0;-13.11,-3.84,0.0;-13.33,-3.81,0.0;-13.24,-3.12,0.0;-13.02,-3.15,0.0;
9.42,-12.72,-3.48,0.0;-12.87,-3.31,0.0;-12.55,-3.35,0.0;-12.58,-3.64,0.0;-12.9,-3.6,0.0;-12.87,-3.31,0.0;
16.81,-7.97,-7.32,0.0;-7.7,-7.44,0.0;-7.7,-7.49,0.0;-8.23,-7.47,0.0;-8.21,-7.12,0.0;-8.06,-7.13,0.0;-8.06,-7.17,0.0;-8.01,-7.17,0.0;-7.7,-7.18,0.0;-7.7,-7.44,0.0;
6.17,-11.06,-4.48,0.0;-10.92,-4.52,0.0;-10.93,-4.61,0.0;-11.22,-4.57,0.0;-11.17,-4.34,0.0;-11.1,-4.36,0.0;-10.91,-4.4,0.0;-10.92,-4.52,0.0;
5.93,-8.46,-6.89,0.0;-8.33,-6.87,0.0;-8.36,-7.03,0.0;-8.6,-6.99,0.0;-8.56,-6.74,0.0;-8.44,-6.77,0.0;-8.32,-6.81,0.0;-8.33,-6.87,0.0;
5.07,-11.49,-4.18,0.0;-11.58,-4.05,0.0;-11.41,-4.07,0.0;-11.36,-4.08,0.0;-11.36,-4.12,0.0;-11.4,-4.3,0.0;-11.62,-4.27,0.0;-11.58,-4.05,0.0;
6.59,-12.2,-4.91,0.0;-12.35,-4.77,0.0;-12.14,-4.8,0.0;-12.05,-4.82,0.0;-12.08,-5.07,0.0;-12.26,-5.04,0.0;-12.25,-4.96,0.0;-12.38,-4.92,0.0;-12.35,-4.77,0.0;
14.3,-12.78,-5.25,0.0;-13.06,-5.08,0.0;-12.49,-5.17,0.0;-12.52,-5.43,0.0;-13.07,-5.32,0.0;-13.06,-5.08,0.0;
10.24,-12.22,-4.58,0.0;-12.4,-4.42,0.0;-12.14,-4.46,0.0;-12.0,-4.48,0.0;-12.01,-4.51,0.0;-12.04,-4.74,0.0;-12.43,-4.67,0.0;-12.4,-4.42,0.0;
5.1,-11.04,-7.25,0.0;-11.15,-7.14,0.0;-10.9,-7.16,0.0;-10.9,-7.18,0.0;-10.93,-7.36,0.0;-11.16,-7.36,0.0;-11.15,-7.14,0.0;
7.68,-9.35,-7.23,0.0;-9.42,-7.01,0.0;-9.24,-7.02,0.0;-9.25,-7.11,0.0;-9.28,-7.46,0.0;-9.31,-7.46,0.0;-9.44,-7.45,0.0;-9.42,-7.01,0.0;
9.5,-11.55,-6.79,0.0;-11.54,-6.6,0.0;-11.4,-6.61,0.0;-11.41,-6.94,0.0;-11.74,-6.94,0.0;-11.73,-6.75,0.0;-11.54,-6.6,0.0;
6.04,-8.47,-7.31,0.0;-8.53,-7.11,0.0;-8.38,-7.11,0.0;-8.41,-7.51,0.0;-8.56,-7.51,0.0;-8.53,-7.11,0.0;
12.98,-9.95,-6.13,0.0;-10.1,-5.91,0.0;-9.73,-6.01,0.0;-9.79,-6.31,0.0;-10.17,-6.28,0.0;-10.1,-5.91,0.0;
9.42,-10.45,-5.49,0.0;-10.58,-5.31,0.0;-10.25,-5.41,0.0;-10.31,-5.66,0.0;-10.62,-5.6,0.0;-10.64,-5.59,0.0;-10.58,-5.31,0.0;
6.84,-8.31,-7.32,0.0;-8.21,-7.12,0.0;-8.23,-7.47,0.0;-8.23,-7.52,0.0;-8.41,-7.51,0.0;-8.38,-7.11,0.0;-8.21,-7.12,0.0;
6.7,-8.75,-7.3,0.0;-8.64,-7.1,0.0;-8.69,-7.5,0.0;-8.85,-7.5,0.0;-8.81,-7.09,0.0;-8.64,-7.1,0.0;
5.55,-12.53,-4.52,0.0;-12.63,-4.38,0.0;-12.4,-4.42,0.0;-12.43,-4.67,0.0;-12.66,-4.62,0.0;-12.63,-4.38,0.0;
5.77,-12.43,-6.25,0.0;-12.54,-6.12,0.0;-12.31,-6.13,0.0;-12.32,-6.39,0.0;-12.54,-6.38,0.0;-12.54,-6.12,0.0;
4.39,-13.02,-6.51,0.0;-12.95,-6.35,0.0;-12.95,-6.67,0.0;-13.09,-6.67,0.0;-13.09,-6.35,0.0;-12.95,-6.35,0.0;
7.08,-12.32,-6.63,0.0;-12.3,-6.41,0.0;-12.19,-6.79,0.0;-12.31,-6.89,0.0;-12.45,-6.53,0.0;-12.48,-6.46,0.0;-12.3,-6.41,0.0;
9.38,-10.73,-6.01,0.0;-10.76,-5.79,0.0;-10.52,-5.96,0.0;-10.7,-6.22,0.0;-10.75,-6.18,0.0;-10.94,-6.05,0.0;-10.76,-5.79,0.0;
4.41,-10.92,-6.19,0.0;-10.94,-6.05,0.0;-10.75,-6.18,0.0;-10.82,-6.28,0.0;-11.09,-6.26,0.0;-10.94,-6.05,0.0;
13.91,-11.78,-6.2,0.0;-11.8,-5.91,0.0;-11.67,-5.99,0.0;-11.63,-6.44,0.0;-11.87,-6.5,0.0;-11.94,-5.92,0.0;-11.8,-5.91,0.0;
6.02,-11.44,-5.97,0.0;-11.49,-5.8,0.0;-11.27,-5.92,0.0;-11.4,-6.14,0.0;-11.61,-6.0,0.0;-11.49,-5.8,0.0;
9.27,-10.99,-6.67,0.0;-10.99,-6.45,0.0;-10.84,-6.46,0.0;-10.87,-6.85,0.0;-11.15,-6.83,0.0;-11.13,-6.57,0.0;-11.0,-6.57,0.0;-10.99,-6.45,0.0;
4.94,-8.61,-7.31,0.0;-8.64,-7.1,0.0;-8.53,-7.11,0.0;-8.56,-7.51,0.0;-8.69,-7.5,0.0;-8.64,-7.1,0.0;
7.68,-11.11,-5.52,0.0;-11.12,-5.38,0.0;-10.9,-5.48,0.0;-11.01,-5.7,0.0;-11.11,-5.66,0.0;-11.32,-5.52,0.0;-11.24,-5.38,0.0;-11.15,-5.43,0.0;-11.12,-5.38,0.0;
8.22,-11.3,-5.72,0.0;-11.32,-5.52,0.0;-11.11,-5.66,0.0;-11.27,-5.92,0.0;-11.49,-5.8,0.0;-11.32,-5.52,0.0;
5.67,-10.7,-6.61,0.0;-10.59,-6.46,0.0;-10.63,-6.78,0.0;-10.79,-6.78,0.0;-10.79,-6.46,0.0;-10.59,-6.46,0.0;
12.54,-11.84,-5.74,0.0;-12.07,-5.59,0.0;-11.52,-5.66,0.0;-11.54,-5.77,0.0;-11.63,-5.76,0.0;-11.64,-5.84,0.0;-11.7,-5.83,0.0;-11.71,-5.89,0.0;-12.11,-5.84,0.0;-12.07,-5.59,0.0;
8.12,-11.52,-5.47,0.0;-11.64,-5.3,0.0;-11.37,-5.33,0.0;-11.41,-5.63,0.0;-11.68,-5.6,0.0;-11.64,-5.3,0.0;
9.51,-11.89,-5.42,0.0;-11.71,-5.29,0.0;-11.76,-5.59,0.0;-12.06,-5.55,0.0;-12.02,-5.24,0.0;-11.71,-5.29,0.0;
3.0,-12.45,-5.31,0.0;-12.38,-5.27,0.0;-12.38,-5.3,0.0;-12.41,-5.43,0.0;-12.52,-5.43,0.0;-12.49,-5.17,0.0;-12.37,-5.2,0.0;-12.38,-5.27,0.0;
7.96,-12.31,-5.5,0.0;-12.17,-5.35,0.0;-12.2,-5.51,0.0;-12.23,-5.69,0.0;-12.46,-5.66,0.0;-12.42,-5.48,0.0;-12.41,-5.43,0.0;-12.38,-5.3,0.0;-12.17,-5.35,0.0;
6.18,-10.37,-6.97,0.0;-10.49,-6.85,0.0;-10.23,-6.84,0.0;-10.25,-7.08,0.0;-10.5,-7.09,0.0;-10.49,-6.85,0.0;
7.36,-9.95,-6.62,0.0;-10.06,-6.46,0.0;-9.84,-6.47,0.0;-9.82,-6.75,0.0;-10.09,-6.77,0.0;-10.06,-6.46,0.0;
2.67,-10.17,-7.36,0.0;-10.21,-7.29,0.0;-10.07,-7.3,0.0;-10.07,-7.43,0.0;-10.22,-7.42,0.0;-10.28,-7.41,0.0;-10.27,-7.28,0.0;-10.21,-7.29,0.0;
15.64,-12.7,-4.81,0.0;-12.94,-4.61,0.0;-12.41,-4.71,0.0;-12.47,-5.0,0.0;-12.99,-4.9,0.0;-12.94,-4.61,0.0;
11.65,-10.88,-5.1,0.0;-10.93,-4.87,0.0;-10.65,-5.0,0.0;-10.82,-5.33,0.0;-11.11,-5.22,0.0;-10.93,-4.87,0.0;
30.0,-9.11,-6.82,0.0;-9.57,-6.58,0.0;-8.62,-6.75,0.0;-8.65,-7.05,0.0;-9.59,-6.9,0.0;-9.57,-6.58,0.0;
4.13,-11.82,-7.01,0.0;-11.74,-6.86,0.0;-11.75,-7.16,0.0;-11.89,-7.15,0.0;-11.89,-6.86,0.0;-11.74,-6.86,0.0;
9.23,-10.38,-6.11,0.0;-10.49,-5.94,0.0;-10.2,-5.98,0.0;-10.27,-6.29,0.0;-10.56,-6.25,0.0;-10.49,-5.94,0.0;
4.98,-11.15,-4.83,0.0;-11.26,-4.72,0.0;-10.97,-4.77,0.0;-11.1,-4.96,0.0;-11.13,-4.96,0.0;-11.3,-4.87,0.0;-11.3,-4.85,0.0;-11.26,-4.72,0.0;
5.71,-11.53,-4.4,0.0;-11.62,-4.27,0.0;-11.4,-4.3,0.0;-11.38,-4.31,0.0;-11.45,-4.54,0.0;-11.67,-4.51,0.0;-11.62,-4.27,0.0;
4.8,-11.3,-4.44,0.0;-11.37,-4.3,0.0;-11.17,-4.34,0.0;-11.22,-4.57,0.0;-11.43,-4.53,0.0;-11.37,-4.3,0.0;
5.06,-11.71,-4.14,0.0;-11.81,-4.01,0.0;-11.58,-4.05,0.0;-11.62,-4.27,0.0;-11.84,-4.23,0.0;-11.81,-4.01,0.0;
3.53,-11.98,-7.07,0.0;-11.91,-6.91,0.0;-11.9,-7.15,0.0;-11.94,-7.18,0.0;-12.0,-7.21,0.0;-12.11,-7.05,0.0;-11.91,-6.91,0.0;
3.93,-9.92,-7.38,0.0;-9.91,-7.31,0.0;-9.76,-7.33,0.0;-9.77,-7.46,0.0;-9.91,-7.44,0.0;-10.07,-7.43,0.0;-10.07,-7.3,0.0;-9.91,-7.31,0.0;
4.06,-11.82,-4.39,0.0;-11.89,-4.27,0.0;-11.71,-4.3,0.0;-11.74,-4.51,0.0;-11.93,-4.48,0.0;-11.89,-4.27,0.0;
10.47,-12.01,-4.21,0.0;-11.88,-3.99,0.0;-11.93,-4.44,0.0;-12.14,-4.46,0.0;-12.1,-3.95,0.0;-11.88,-3.99,0.0;
8.71,-9.14,-7.29,0.0;-9.25,-7.11,0.0;-9.01,-7.12,0.0;-9.03,-7.48,0.0;-9.28,-7.46,0.0;-9.25,-7.11,0.0;
5.46,-12.05,-7.22,0.0;-12.11,-7.05,0.0;-12.0,-7.21,0.0;-11.94,-7.18,0.0;-11.87,-7.3,0.0;-11.94,-7.35,0.0;-12.1,-7.34,0.0;-12.22,-7.14,0.0;-12.11,-7.05,0.0;
6.06,-11.69,-5.01,0.0;-11.79,-4.86,0.0;-11.55,-4.9,0.0;-11.59,-5.15,0.0;-11.83,-5.11,0.0;-11.79,-4.86,0.0;
19.58,-12.8,-5.64,0.0;-13.06,-5.44,0.0;-12.5,-5.49,0.0;-12.54,-5.84,0.0;-13.09,-5.79,0.0;-13.06,-5.44,0.0;
3.97,-12.77,-6.07,0.0;-12.71,-5.91,0.0;-12.71,-5.94,0.0;-12.71,-6.24,0.0;-12.83,-6.23,0.0;-12.83,-5.9,0.0;-12.71,-5.91,0.0;
3.9,-12.89,-6.07,0.0;-12.83,-5.9,0.0;-12.83,-6.23,0.0;-12.95,-6.23,0.0;-12.95,-5.9,0.0;-12.83,-5.9,0.0;
7.83,-13.32,-5.63,0.0;-13.21,-5.47,0.0;-13.22,-5.77,0.0;-13.22,-5.82,0.0;-13.43,-5.81,0.0;-13.43,-5.77,0.0;-13.44,-5.48,0.0;-13.43,-5.45,0.0;-13.21,-5.47,0.0;
2.25,-10.85,-7.27,0.0;-10.9,-7.18,0.0;-10.78,-7.18,0.0;-10.8,-7.36,0.0;-10.93,-7.36,0.0;-10.9,-7.18,0.0;
3.87,-11.42,-4.76,0.0;-11.55,-4.67,0.0;-11.26,-4.72,0.0;-11.3,-4.85,0.0;-11.58,-4.8,0.0;-11.55,-4.67,0.0;
3.59,-11.69,-4.72,0.0;-11.78,-4.63,0.0;-11.55,-4.67,0.0;-11.58,-4.8,0.0;-11.83,-4.77,0.0;-11.82,-4.7,0.0;-11.79,-4.7,0.0;-11.78,-4.63,0.0;
4.56,-13.32,-6.42,0.0;-13.41,-6.3,0.0;-13.24,-6.29,0.0;-13.22,-6.55,0.0;-13.4,-6.56,0.0;-13.41,-6.3,0.0;
4.09,-10.75,-6.99,0.0;-10.67,-6.85,0.0;-10.69,-7.13,0.0;-10.84,-7.12,0.0;-10.81,-6.85,0.0;-10.67,-6.85,0.0;
4.48,-10.6,-7.0,0.0;-10.51,-6.87,0.0;-10.53,-7.14,0.0;-10.69,-7.13,0.0;-10.67,-6.85,0.0;-10.51,-6.87,0.0;
5.55,-10.48,-7.33,0.0;-10.68,-7.24,0.0;-10.54,-7.25,0.0;-10.39,-7.27,0.0;-10.27,-7.28,0.0;-10.28,-7.41,0.0;-10.4,-7.4,0.0;-10.56,-7.39,0.0;-10.7,-7.37,0.0;-10.68,-7.24,0.0;
12.73,-11.94,-4.83,0.0;-12.01,-4.51,0.0;-11.82,-4.55,0.0;-11.86,-4.85,0.0;-11.79,-4.86,0.0;-11.83,-5.11,0.0;-11.89,-5.1,0.0;-12.08,-5.07,0.0;-12.05,-4.82,0.0;-12.04,-4.74,0.0;-12.01,-4.51,0.0;
11.64,-11.35,-5.06,0.0;-11.55,-4.9,0.0;-11.13,-4.96,0.0;-11.1,-4.96,0.0;-11.15,-5.22,0.0;-11.59,-5.15,0.0;-11.55,-4.9,0.0;
3.88,-12.77,-6.51,0.0;-12.71,-6.35,0.0;-12.71,-6.67,0.0;-12.84,-6.67,0.0;-12.83,-6.35,0.0;-12.71,-6.35,0.0;
3.69,-12.65,-6.51,0.0;-12.59,-6.35,0.0;-12.6,-6.67,0.0;-12.71,-6.67,0.0;-12.71,-6.35,0.0;-12.59,-6.35,0.0;
7.58,-10.49,-5.75,0.0;-10.62,-5.6,0.0;-10.31,-5.66,0.0;-10.37,-5.9,0.0;-10.66,-5.84,0.0;-10.62,-5.6,0.0;
6.1,-10.25,-6.64,0.0;-10.17,-6.48,0.0;-10.18,-6.65,0.0;-10.11,-6.65,0.0;-10.12,-6.78,0.0;-10.36,-6.77,0.0;-10.35,-6.47,0.0;-10.17,-6.48,0.0;
8.31,-10.02,-6.95,0.0;-10.19,-6.84,0.0;-9.85,-6.82,0.0;-9.85,-7.06,0.0;-10.2,-7.08,0.0;-10.19,-6.84,0.0;
5.2,-9.49,-7.21,0.0;-9.42,-7.01,0.0;-9.44,-7.45,0.0;-9.53,-7.45,0.0;-9.57,-7.0,0.0;-9.42,-7.01,0.0;
5.01,-12.4,-5.9,0.0;-12.52,-5.78,0.0;-12.3,-5.78,0.0;-12.29,-6.01,0.0;-12.51,-6.01,0.0;-12.52,-5.78,0.0;
8.18,-12.04,-6.41,0.0;-11.94,-6.23,0.0;-11.89,-6.57,0.0;-12.11,-6.6,0.0;-12.2,-6.26,0.0;-11.94,-6.23,0.0;
3.59,-12.26,-7.26,0.0;-12.47,-7.31,0.0;-12.22,-7.14,0.0;-12.1,-7.34,0.0;-12.47,-7.31,0.0;
8.12,-13.3,-6.78,0.0;-13.22,-6.55,0.0;-13.2,-7.01,0.0;-13.37,-7.02,0.0;-13.4,-6.56,0.0;-13.22,-6.55,0.0;
6.16,-9.49,-0.78,0.0;-9.54,-0.66,0.0;-9.32,-0.73,0.0;-9.36,-0.92,0.0;-9.67,-0.82,0.0;-9.66,-0.8,0.0;-9.63,-0.63,0.0;-9.54,-0.66,0.0;
5.78,-9.34,-0.41,0.0;-9.46,-0.28,0.0;-9.25,-0.35,0.0;-9.15,-0.38,0.0;-9.23,-0.55,0.0;-9.38,-0.5,0.0;-9.52,-0.45,0.0;-9.46,-0.28,0.0;
4.25,-9.4,-0.57,0.0;-9.38,-0.5,0.0;-9.23,-0.55,0.0;-9.28,-0.68,0.0;-9.49,-0.61,0.0;-9.56,-0.6,0.0;-9.52,-0.45,0.0;-9.38,-0.5,0.0;
4.3,-13.03,-2.63,0.0;-13.13,-2.51,0.0;-12.89,-2.57,0.0;-12.9,-2.59,0.0;-12.92,-2.71,0.0;-12.93,-2.75,0.0;-13.17,-2.67,0.0;-13.13,-2.52,0.0;-13.13,-2.51,0.0;
10.48,-12.38,-3.09,0.0;-12.51,-2.9,0.0;-12.19,-2.97,0.0;-12.26,-3.28,0.0;-12.3,-3.27,0.0;-12.58,-3.21,0.0;-12.54,-3.05,0.0;-12.51,-2.9,0.0;
12.3,-11.63,-3.22,0.0;-11.7,-3.05,0.0;-11.4,-3.11,0.0;-11.49,-3.42,0.0;-11.85,-3.33,0.0;-11.82,-3.18,0.0;-11.79,-3.03,0.0;-11.7,-3.05,0.0;
7.83,-9.21,-0.2,0.0;-9.04,-0.03,0.0;-8.97,-0.1,0.0;-9.17,-0.36,0.0;-9.52,-0.24,0.0;-9.04,-0.03,0.0;
10.89,-11.99,-3.14,0.0;-12.13,-2.95,0.0;-11.79,-3.03,0.0;-11.82,-3.18,0.0;-11.85,-3.33,0.0;-11.94,-3.31,0.0;-12.2,-3.25,0.0;-12.13,-2.95,0.0;
11.8,-9.95,-0.58,0.0;-9.79,-0.37,0.0;-9.69,-0.61,0.0;-10.13,-0.8,0.0;-10.19,-0.68,0.0;-10.11,-0.64,0.0;-10.18,-0.52,0.0;-9.79,-0.37,0.0;
3.73,-12.99,-2.46,0.0;-13.09,-2.36,0.0;-12.86,-2.41,0.0;-12.89,-2.57,0.0;-13.13,-2.51,0.0;-13.09,-2.36,0.0;
6.58,-12.25,-2.63,0.0;-12.31,-2.45,0.0;-12.11,-2.5,0.0;-12.18,-2.81,0.0;-12.38,-2.76,0.0;-12.31,-2.45,0.0;
2.94,-12.54,-2.48,0.0;-12.68,-2.4,0.0;-12.37,-2.47,0.0;-12.39,-2.56,0.0;-12.7,-2.5,0.0;-12.68,-2.4,0.0;
5.08,-12.6,-2.7,0.0;-12.74,-2.59,0.0;-12.43,-2.65,0.0;-12.45,-2.8,0.0;-12.77,-2.75,0.0;-12.74,-2.59,0.0;
4.55,-12.51,-2.37,0.0;-12.64,-2.26,0.0;-12.33,-2.33,0.0;-12.37,-2.47,0.0;-12.68,-2.4,0.0;-12.64,-2.26,0.0;
3.68,-12.96,-2.31,0.0;-13.04,-2.2,0.0;-12.83,-2.25,0.0;-12.86,-2.41,0.0;-13.09,-2.36,0.0;-13.04,-2.2,0.0;
107.92,-11.95,-1.92,0.0;-12.27,-1.48,0.0;-11.92,-1.56,0.0;-11.69,-1.61,0.0;-10.92,-1.79,0.0;-11.06,-2.31,0.0;-12.15,-2.06,0.0;-12.2,-2.2,0.0;-12.36,-2.15,0.0;-12.4,-2.28,0.0;-13.0,-2.13,0.0;-12.89,-1.72,0.0;-12.75,-1.74,0.0;-12.72,-1.66,0.0;-12.46,-1.72,0.0;-12.42,-1.62,0.0;-12.32,-1.64,0.0;-12.27,-1.48,0.0;
23.66,-3.14,-4.16,0.0;-3.27,-3.83,0.0;-2.9,-3.9,0.0;-2.99,-4.5,0.0;-3.39,-4.39,0.0;-3.27,-3.83,0.0;
5.79,-3.23,-4.69,0.0;-3.43,-4.58,0.0;-3.02,-4.66,0.0;-3.05,-4.81,0.0;-3.46,-4.71,0.0;-3.43,-4.58,0.0;
6.68,-3.98,-3.52,0.0;-3.86,-3.34,0.0;-3.94,-3.74,0.0;-4.1,-3.7,0.0;-4.02,-3.3,0.0;-3.86,-3.34,0.0;
9.87,-6.05,-1.75,0.0;-6.05,-1.53,0.0;-5.83,-1.74,0.0;-6.0,-1.9,0.0;-6.07,-1.97,0.0;-6.27,-1.77,0.0;-6.21,-1.7,0.0;-6.05,-1.53,0.0;
6.61,-7.42,-0.64,0.0;-7.51,-0.48,0.0;-7.23,-0.6,0.0;-7.32,-0.8,0.0;-7.6,-0.67,0.0;-7.51,-0.48,0.0;
11.68,-3.38,-5.15,0.0;-3.58,-4.99,0.0;-3.12,-5.09,0.0;-3.16,-5.32,0.0;-3.65,-5.22,0.0;-3.58,-4.99,0.0;
10.46,-8.14,-0.06,0.0;-7.93,0.13,0.0;-8.13,-0.31,0.0;-8.34,-0.23,0.0;-8.17,0.15,0.0;-8.11,0.13,0.0;-8.08,0.18,0.0;-7.93,0.13,0.0;
16.51,-7.8,-0.2,0.0;-7.89,0.07,0.0;-7.54,-0.08,0.0;-7.7,-0.48,0.0;-8.06,-0.33,0.0;-7.89,0.07,0.0;
7.51,-3.21,-4.53,0.0;-3.39,-4.39,0.0;-2.99,-4.5,0.0;-3.0,-4.59,0.0;-3.02,-4.66,0.0;-3.43,-4.58,0.0;-3.41,-4.49,0.0;-3.39,-4.39,0.0;
32.0,-3.92,-4.1,0.0;-4.27,-3.79,0.0;-3.46,-4.04,0.0;-3.56,-4.39,0.0;-4.38,-4.17,0.0;-4.27,-3.79,0.0;
9.84,-11.16,-4.11,0.0;-11.29,-3.93,0.0;-10.98,-3.98,0.0;-11.04,-4.31,0.0;-11.2,-4.27,0.0;-11.34,-4.23,0.0;-11.33,-4.15,0.0;-11.29,-3.93,0.0;
14.58,-11.56,-3.79,0.0;-11.69,-3.55,0.0;-11.36,-3.63,0.0;-11.41,-3.86,0.0;-11.35,-3.88,0.0;-11.38,-4.02,0.0;-11.5,-4.0,0.0;-11.78,-3.95,0.0;-11.74,-3.78,0.0;-11.73,-3.69,0.0;-11.69,-3.55,0.0;
14.24,-6.99,-0.87,0.0;-7.13,-0.62,0.0;-6.74,-0.81,0.0;-6.84,-1.1,0.0;-7.26,-0.93,0.0;-7.13,-0.62,0.0;
7.11,-10.64,-4.63,0.0;-10.73,-4.46,0.0;-10.44,-4.61,0.0;-10.56,-4.8,0.0;-10.71,-4.71,0.0;-10.85,-4.64,0.0;-10.83,-4.61,0.0;-10.73,-4.46,0.0;
13.55,-8.0,-6.97,0.0;-8.27,-6.81,0.0;-7.71,-6.88,0.0;-7.74,-7.12,0.0;-8.11,-7.07,0.0;-8.3,-7.05,0.0;-8.28,-6.92,0.0;-8.27,-6.81,0.0;
109.74,-3.89,-6.81,0.0;-3.49,-6.44,0.0;-3.32,-6.47,0.0;-3.47,-7.36,0.0;-3.68,-7.33,0.0;-3.74,-7.41,0.0;-3.77,-7.45,0.0;-3.87,-7.44,0.0;-3.96,-7.43,0.0;-4.11,-7.42,0.0;-4.15,-7.42,0.0;-4.21,-7.42,0.0;-4.32,-7.27,0.0;-4.31,-7.13,0.0;-4.49,-7.1,0.0;-4.45,-6.74,0.0;-4.25,-6.75,0.0;-4.18,-6.13,0.0;-4.09,-5.99,0.0;-3.73,-6.15,0.0;-3.77,-6.4,0.0;-3.68,-6.41,0.0;-3.66,-6.35,0.0;-3.48,-6.4,0.0;-3.49,-6.44,0.0;
48.78,-8.69,-5.52,0.0;-9.07,-5.17,0.0;-8.21,-5.32,0.0;-8.3,-5.87,0.0;-9.17,-5.72,0.0;-9.07,-5.17,0.0;
8.72,-5.98,-5.55,0.0;-6.17,-5.43,0.0;-5.78,-5.45,0.0;-5.79,-5.67,0.0;-6.18,-5.66,0.0;-6.17,-5.43,0.0;
10.43,-10.37,-3.84,0.0;-10.44,-3.63,0.0;-10.15,-3.79,0.0;-10.29,-4.06,0.0;-10.58,-3.91,0.0;-10.44,-3.63,0.0;
31.59,-4.73,-4.46,0.0;-4.96,-4.06,0.0;-4.41,-4.25,0.0;-4.65,-4.94,0.0;-4.93,-4.84,0.0;-4.81,-4.47,0.0;-5.07,-4.38,0.0;-4.96,-4.06,0.0;
7.07,-10.75,-3.86,0.0;-10.61,-3.71,0.0;-10.67,-4.03,0.0;-10.89,-3.99,0.0;-10.83,-3.69,0.0;-10.61,-3.71,0.0;
8.77,-5.98,-5.81,0.0;-6.17,-5.69,0.0;-5.77,-5.71,0.0;-5.78,-5.93,0.0;-6.18,-5.91,0.0;-6.17,-5.69,0.0;
5.49,-7.5,-0.81,0.0;-7.6,-0.67,0.0;-7.32,-0.8,0.0;-7.39,-0.95,0.0;-7.68,-0.83,0.0;-7.6,-0.67,0.0;
9.95,-7.6,-1.91,0.0;-7.68,-1.7,0.0;-7.4,-1.8,0.0;-7.52,-2.11,0.0;-7.8,-2.01,0.0;-7.68,-1.7,0.0;
8.04,-7.8,-6.09,0.0;-7.97,-5.96,0.0;-7.6,-6.01,0.0;-7.62,-6.23,0.0;-8.01,-6.16,0.0;-7.97,-5.96,0.0;
4.03,-8.08,-6.09,0.0;-8.12,-5.93,0.0;-7.98,-5.96,0.0;-8.04,-6.25,0.0;-8.17,-6.22,0.0;-8.12,-5.93,0.0;
7.22,-8.1,-0.89,0.0;-8.16,-0.7,0.0;-7.92,-0.8,0.0;-8.04,-1.07,0.0;-8.27,-0.97,0.0;-8.16,-0.7,0.0;
5.83,-8.31,-1.08,0.0;-8.43,-0.93,0.0;-8.12,-1.06,0.0;-8.19,-1.22,0.0;-8.5,-1.09,0.0;-8.43,-0.93,0.0;
5.01,-6.33,-2.03,0.0;-6.37,-1.87,0.0;-6.16,-2.06,0.0;-6.3,-2.19,0.0;-6.49,-1.99,0.0;-6.37,-1.87,0.0;
5.97,-7.35,-2.03,0.0;-7.35,-1.84,0.0;-7.2,-1.91,0.0;-7.29,-2.1,0.0;-7.34,-2.21,0.0;-7.51,-2.14,0.0;-7.35,-1.84,0.0;
8.74,-6.04,-5.2,0.0;-5.91,-5.03,0.0;-5.92,-5.34,0.0;-5.92,-5.37,0.0;-6.18,-5.36,0.0;-6.17,-5.03,0.0;-6.09,-5.03,0.0;-5.91,-5.03,0.0;
16.03,-6.57,-7.28,0.0;-6.43,-6.98,0.0;-6.45,-7.6,0.0;-6.71,-7.58,0.0;-6.69,-6.97,0.0;-6.43,-6.98,0.0;
9.95,-3.3,-4.91,0.0;-3.48,-4.74,0.0;-3.07,-4.84,0.0;-3.12,-5.07,0.0;-3.53,-4.98,0.0;-3.48,-4.74,0.0;
13.4,-9.13,-2.27,0.0;-9.31,-2.07,0.0;-8.88,-2.17,0.0;-8.94,-2.46,0.0;-9.38,-2.36,0.0;-9.31,-2.07,0.0;
4.3,-6.78,-4.02,0.0;-6.87,-3.89,0.0;-6.63,-4.0,0.0;-6.68,-4.14,0.0;-6.93,-4.05,0.0;-6.87,-3.89,0.0;
5.58,-7.38,-3.37,0.0;-7.54,-3.24,0.0;-7.17,-3.37,0.0;-7.21,-3.5,0.0;-7.59,-3.37,0.0;-7.54,-3.24,0.0;
7.94,-8.19,-4.2,0.0;-8.02,-4.08,0.0;-8.11,-4.38,0.0;-8.14,-4.37,0.0;-8.35,-4.32,0.0;-8.27,-4.01,0.0;-8.02,-4.08,0.0;
6.28,-9.22,-2.58,0.0;-9.36,-2.45,0.0;-9.05,-2.5,0.0;-9.09,-2.7,0.0;-9.4,-2.65,0.0;-9.36,-2.45,0.0;
5.39,-7.73,-3.71,0.0;-7.76,-3.52,0.0;-7.6,-3.57,0.0;-7.7,-3.9,0.0;-7.76,-3.88,0.0;-7.85,-3.86,0.0;-7.76,-3.52,0.0;
6.18,-6.98,-2.69,0.0;-7.02,-2.52,0.0;-6.8,-2.72,0.0;-6.94,-2.87,0.0;-7.16,-2.66,0.0;-7.02,-2.52,0.0;
5.95,-11.36,-3.29,0.0;-11.4,-3.11,0.0;-11.23,-3.15,0.0;-11.3,-3.45,0.0;-11.49,-3.42,0.0;-11.4,-3.11,0.0;
4.02,-6.87,-2.57,0.0;-6.93,-2.42,0.0;-6.71,-2.62,0.0;-6.8,-2.72,0.0;-7.02,-2.52,0.0;-6.93,-2.42,0.0;
5.08,-7.26,-3.12,0.0;-7.34,-3.0,0.0;-7.08,-3.11,0.0;-7.13,-3.25,0.0;-7.35,-3.17,0.0;-7.43,-3.14,0.0;-7.37,-2.98,0.0;-7.34,-3.0,0.0;
5.33,-7.88,-3.67,0.0;-7.91,-3.48,0.0;-7.76,-3.52,0.0;-7.85,-3.86,0.0;-7.92,-3.84,0.0;-8.0,-3.81,0.0;-7.91,-3.48,0.0;
5.47,-8.03,-3.63,0.0;-8.07,-3.44,0.0;-7.91,-3.48,0.0;-8.0,-3.81,0.0;-8.16,-3.77,0.0;-8.07,-3.44,0.0;
8.7,-9.3,-3.04,0.0;-9.43,-2.88,0.0;-9.13,-2.93,0.0;-9.17,-3.21,0.0;-9.48,-3.15,0.0;-9.43,-2.88,0.0;
7.19,-9.26,-2.79,0.0;-9.4,-2.65,0.0;-9.09,-2.7,0.0;-9.13,-2.93,0.0;-9.43,-2.88,0.0;-9.4,-2.65,0.0;
5.88,-7.46,-3.67,0.0;-7.6,-3.54,0.0;-7.28,-3.64,0.0;-7.33,-3.81,0.0;-7.64,-3.71,0.0;-7.6,-3.57,0.0;-7.6,-3.54,0.0;
6.05,-7.43,-3.51,0.0;-7.59,-3.37,0.0;-7.21,-3.5,0.0;-7.28,-3.64,0.0;-7.6,-3.54,0.0;-7.64,-3.52,0.0;-7.59,-3.37,0.0;
4.7,-7.33,-3.24,0.0;-7.43,-3.14,0.0;-7.35,-3.17,0.0;-7.13,-3.25,0.0;-7.17,-3.37,0.0;-7.54,-3.24,0.0;-7.49,-3.12,0.0;-7.43,-3.14,0.0;
6.12,-7.18,-2.95,0.0;-7.26,-2.79,0.0;-7.05,-2.86,0.0;-7.08,-2.94,0.0;-7.02,-2.96,0.0;-7.08,-3.11,0.0;-7.34,-3.0,0.0;-7.29,-2.88,0.0;-7.26,-2.79,0.0;
10.91,-7.83,-3.25,0.0;-7.83,-3.09,0.0;-7.63,-3.16,0.0;-7.72,-3.46,0.0;-8.03,-3.35,0.0;-7.97,-3.05,0.0;-7.83,-3.09,0.0;
6.46,-7.42,-2.54,0.0;-7.51,-2.38,0.0;-7.24,-2.5,0.0;-7.34,-2.7,0.0;-7.6,-2.59,0.0;-7.51,-2.38,0.0;
7.11,-7.29,-2.31,0.0;-7.27,-2.15,0.0;-7.11,-2.23,0.0;-7.22,-2.48,0.0;-7.5,-2.35,0.0;-7.43,-2.2,0.0;-7.32,-2.25,0.0;-7.27,-2.15,0.0;
4.52,-7.14,-2.05,0.0;-7.2,-1.91,0.0;-6.99,-2.01,0.0;-7.1,-2.18,0.0;-7.29,-2.1,0.0;-7.2,-1.91,0.0;
6.63,-7.93,-2.83,0.0;-7.98,-2.66,0.0;-7.73,-2.81,0.0;-7.82,-2.95,0.0;-7.94,-2.88,0.0;-8.0,-2.99,0.0;-8.12,-2.92,0.0;-7.98,-2.66,0.0;
3.66,-6.78,-2.48,0.0;-6.85,-2.33,0.0;-6.63,-2.53,0.0;-6.71,-2.62,0.0;-6.93,-2.42,0.0;-6.85,-2.33,0.0;
3.91,-6.83,-4.16,0.0;-6.93,-4.05,0.0;-6.68,-4.14,0.0;-6.72,-4.27,0.0;-6.99,-4.19,0.0;-6.93,-4.05,0.0;
5.39,-9.54,-0.95,0.0;-9.67,-0.82,0.0;-9.36,-0.92,0.0;-9.4,-1.08,0.0;-9.71,-0.98,0.0;-9.67,-0.82,0.0;
4.47,-7.53,-2.74,0.0;-7.62,-2.62,0.0;-7.36,-2.73,0.0;-7.41,-2.83,0.0;-7.48,-2.8,0.0;-7.5,-2.86,0.0;-7.69,-2.77,0.0;-7.62,-2.62,0.0;
6.32,-6.45,-1.81,0.0;-6.43,-1.63,0.0;-6.27,-1.77,0.0;-6.37,-1.87,0.0;-6.49,-1.99,0.0;-6.63,-1.85,0.0;-6.43,-1.63,0.0;
6.14,-6.92,-4.95,0.0;-7.08,-4.84,0.0;-6.79,-4.88,0.0;-6.78,-4.92,0.0;-6.72,-4.95,0.0;-6.73,-5.05,0.0;-6.84,-5.04,0.0;-7.1,-5.02,0.0;-7.08,-4.84,0.0;
3.21,-8.57,-3.52,0.0;-8.62,-3.41,0.0;-8.46,-3.45,0.0;-8.52,-3.64,0.0;-8.67,-3.6,0.0;-8.62,-3.41,0.0;
34.59,-6.19,-4.2,0.0;-6.47,-3.86,0.0;-5.76,-4.11,0.0;-5.91,-4.54,0.0;-6.62,-4.3,0.0;-6.47,-3.86,0.0;
9.17,-6.98,-5.21,0.0;-6.84,-5.04,0.0;-6.87,-5.4,0.0;-7.12,-5.38,0.0;-7.12,-5.28,0.0;-7.1,-5.02,0.0;-6.84,-5.04,0.0;
20.35,-5.92,-6.53,0.0;-6.2,-6.34,0.0;-5.62,-6.36,0.0;-5.64,-6.71,0.0;-6.22,-6.69,0.0;-6.2,-6.34,0.0;
11.37,-5.8,-5.09,0.0;-5.76,-4.85,0.0;-5.67,-4.87,0.0;-5.67,-4.91,0.0;-5.69,-5.26,0.0;-5.7,-5.35,0.0;-5.92,-5.34,0.0;-5.91,-5.03,0.0;-5.9,-4.81,0.0;-5.76,-4.85,0.0;
40.66,-5.81,-7.11,0.0;-6.08,-6.72,0.0;-5.63,-6.73,0.0;-5.64,-7.08,0.0;-5.44,-7.08,0.0;-5.45,-7.48,0.0;-5.82,-7.47,0.0;-5.82,-7.35,0.0;-6.19,-7.34,0.0;-6.18,-7.07,0.0;-6.09,-7.08,0.0;-6.08,-6.72,0.0;
3.94,-6.8,-5.22,0.0;-6.84,-5.04,0.0;-6.73,-5.05,0.0;-6.75,-5.3,0.0;-6.76,-5.4,0.0;-6.87,-5.4,0.0;-6.84,-5.04,0.0;
5.43,-6.09,-6.08,0.0;-5.97,-5.96,0.0;-5.99,-6.21,0.0;-6.2,-6.2,0.0;-6.19,-5.95,0.0;-5.97,-5.96,0.0;
11.39,-6.7,-1.61,0.0;-6.72,-1.36,0.0;-6.47,-1.6,0.0;-6.73,-1.86,0.0;-6.91,-1.68,0.0;-6.85,-1.62,0.0;-6.89,-1.58,0.0;-6.77,-1.45,0.0;-6.79,-1.43,0.0;-6.72,-1.36,0.0;
4.27,-6.69,-2.38,0.0;-6.74,-2.23,0.0;-6.68,-2.29,0.0;-6.53,-2.43,0.0;-6.63,-2.53,0.0;-6.85,-2.33,0.0;-6.74,-2.23,0.0;
5.49,-5.96,-7.49,0.0;-6.07,-7.36,0.0;-5.85,-7.37,0.0;-5.86,-7.62,0.0;-6.08,-7.6,0.0;-6.07,-7.36,0.0;
93.67,-6.73,-6.12,0.0;-7.09,-5.44,0.0;-6.39,-5.45,0.0;-6.41,-6.93,0.0;-6.83,-6.92,0.0;-6.82,-6.55,0.0;-7.11,-6.55,0.0;-7.09,-5.44,0.0;
7.83,-9.84,-4.54,0.0;-10.06,-4.36,0.0;-9.61,-4.56,0.0;-9.59,-4.73,0.0;-10.12,-4.5,0.0;-10.06,-4.36,0.0;
8.03,-9.86,-4.68,0.0;-10.12,-4.5,0.0;-9.59,-4.73,0.0;-9.58,-4.88,0.0;-9.83,-4.76,0.0;-9.86,-4.75,0.0;-10.17,-4.61,0.0;-10.12,-4.5,0.0;
3.95,-9.77,-3.97,0.0;-9.82,-3.84,0.0;-9.69,-3.87,0.0;-9.66,-4.1,0.0;-9.9,-4.01,0.0;-9.82,-3.84,0.0;
7.91,-8.74,-0.69,0.0;-8.93,-0.54,0.0;-8.61,-0.63,0.0;-8.6,-0.64,0.0;-8.5,-0.69,0.0;-8.54,-0.84,0.0;-9.0,-0.7,0.0;-8.93,-0.54,0.0;
5.21,-7.69,-4.56,0.0;-7.88,-4.45,0.0;-7.47,-4.54,0.0;-7.48,-4.6,0.0;-7.49,-4.65,0.0;-7.9,-4.59,0.0;-7.89,-4.53,0.0;-7.88,-4.45,0.0;
4.79,-8.6,-2.48,0.0;-8.59,-2.31,0.0;-8.46,-2.39,0.0;-8.61,-2.65,0.0;-8.75,-2.58,0.0;-8.59,-2.31,0.0;
7.44,-5.08,-4.62,0.0;-5.12,-4.42,0.0;-4.92,-4.48,0.0;-5.04,-4.82,0.0;-5.24,-4.75,0.0;-5.12,-4.42,0.0;
17.62,-7.8,-5.35,0.0;-8.08,-5.19,0.0;-7.88,-5.22,0.0;-7.87,-5.16,0.0;-7.51,-5.22,0.0;-7.57,-5.55,0.0;-8.12,-5.45,0.0;-8.08,-5.19,0.0;
5.59,-7.96,-4.29,0.0;-7.85,-4.11,0.0;-7.9,-4.33,0.0;-7.87,-4.34,0.0;-7.9,-4.48,0.0;-8.07,-4.44,0.0;-7.98,-4.07,0.0;-7.85,-4.11,0.0;
8.52,-5.56,-5.09,0.0;-5.43,-4.93,0.0;-5.45,-5.26,0.0;-5.69,-5.26,0.0;-5.67,-4.91,0.0;-5.43,-4.93,0.0;
5.19,-8.7,-0.48,0.0;-8.76,-0.33,0.0;-8.56,-0.41,0.0;-8.61,-0.63,0.0;-8.86,-0.51,0.0;-8.76,-0.33,0.0;
4.91,-8.31,-2.65,0.0;-8.31,-2.48,0.0;-8.16,-2.56,0.0;-8.3,-2.81,0.0;-8.45,-2.73,0.0;-8.31,-2.48,0.0;
5.07,-8.46,-2.56,0.0;-8.46,-2.39,0.0;-8.31,-2.48,0.0;-8.45,-2.73,0.0;-8.61,-2.65,0.0;-8.46,-2.39,0.0;
7.69,-8.02,-1.76,0.0;-8.04,-1.55,0.0;-7.86,-1.63,0.0;-7.92,-1.77,0.0;-7.97,-1.97,0.0;-8.2,-1.86,0.0;-8.04,-1.55,0.0;
6.76,-7.96,-0.63,0.0;-8.09,-0.47,0.0;-7.74,-0.63,0.0;-7.82,-0.79,0.0;-8.17,-0.64,0.0;-8.09,-0.47,0.0;
7.66,-8.3,-0.43,0.0;-8.34,-0.23,0.0;-8.13,-0.31,0.0;-8.26,-0.62,0.0;-8.47,-0.54,0.0;-8.34,-0.23,0.0;
9.3,-8.79,-0.86,0.0;-9.0,-0.7,0.0;-8.54,-0.84,0.0;-8.6,-1.04,0.0;-9.06,-0.86,0.0;-9.0,-0.7,0.0;
8.42,-5.54,-4.5,0.0;-5.62,-4.31,0.0;-5.36,-4.4,0.0;-5.46,-4.69,0.0;-5.72,-4.6,0.0;-5.62,-4.31,0.0;
14.12,-5.18,-5.26,0.0;-5.28,-5.01,0.0;-4.94,-5.15,0.0;-5.09,-5.51,0.0;-5.43,-5.36,0.0;-5.28,-5.01,0.0;
4.28,-8.17,-2.73,0.0;-8.16,-2.56,0.0;-8.03,-2.64,0.0;-8.17,-2.89,0.0;-8.3,-2.81,0.0;-8.16,-2.56,0.0;
4.67,-8.61,-0.26,0.0;-8.65,-0.12,0.0;-8.47,-0.2,0.0;-8.55,-0.36,0.0;-8.56,-0.41,0.0;-8.76,-0.33,0.0;-8.65,-0.12,0.0;
3.83,-6.22,-1.92,0.0;-6.27,-1.77,0.0;-6.07,-1.97,0.0;-6.16,-2.06,0.0;-6.37,-1.87,0.0;-6.27,-1.77,0.0;
3.4,-8.41,-3.57,0.0;-8.46,-3.45,0.0;-8.3,-3.49,0.0;-8.34,-3.68,0.0;-8.52,-3.64,0.0;-8.46,-3.45,0.0;
4.57,-9.16,-3.89,0.0;-9.04,-3.78,0.0;-9.12,-4.04,0.0;-9.28,-3.99,0.0;-9.2,-3.73,0.0;-9.04,-3.78,0.0;
6.74,-9.0,-2.99,0.0;-8.88,-2.81,0.0;-8.97,-3.22,0.0;-9.13,-3.18,0.0;-9.03,-2.77,0.0;-8.88,-2.81,0.0;
7.56,-6.7,-3.81,0.0;-6.77,-3.63,0.0;-6.53,-3.73,0.0;-6.63,-4.0,0.0;-6.87,-3.89,0.0;-6.77,-3.63,0.0;
15.74,-8.48,-3.11,0.0;-8.58,-2.95,0.0;-8.39,-3.0,0.0;-8.17,-3.07,0.0;-8.23,-3.32,0.0;-8.45,-3.26,0.0;-8.65,-3.21,0.0;-8.79,-3.18,0.0;-8.71,-2.87,0.0;-8.57,-2.91,0.0;-8.58,-2.95,0.0;
5.36,-7.88,-6.64,0.0;-8.07,-6.54,0.0;-7.67,-6.61,0.0;-7.69,-6.75,0.0;-8.09,-6.67,0.0;-8.08,-6.62,0.0;-8.07,-6.54,0.0;
4.55,-11.0,-3.36,0.0;-11.04,-3.19,0.0;-10.89,-3.22,0.0;-10.96,-3.52,0.0;-11.11,-3.49,0.0;-11.04,-3.19,0.0;
8.18,-11.11,-3.82,0.0;-11.24,-3.66,0.0;-10.94,-3.73,0.0;-10.98,-3.98,0.0;-11.29,-3.93,0.0;-11.24,-3.66,0.0;
5.74,-10.53,-3.49,0.0;-10.56,-3.3,0.0;-10.41,-3.33,0.0;-10.5,-3.68,0.0;-10.65,-3.65,0.0;-10.63,-3.57,0.0;-10.58,-3.3,0.0;-10.56,-3.3,0.0;
4.85,-10.85,-3.39,0.0;-10.74,-3.26,0.0;-10.79,-3.54,0.0;-10.96,-3.52,0.0;-10.89,-3.22,0.0;-10.74,-3.26,0.0;
6.38,-10.8,-4.15,0.0;-10.89,-3.99,0.0;-10.67,-4.03,0.0;-10.71,-4.32,0.0;-10.92,-4.27,0.0;-10.89,-3.99,0.0;
4.57,-10.68,-3.42,0.0;-10.58,-3.3,0.0;-10.63,-3.57,0.0;-10.76,-3.55,0.0;-10.79,-3.54,0.0;-10.74,-3.26,0.0;-10.7,-3.27,0.0;-10.58,-3.3,0.0;
13.98,-5.02,-6.21,0.0;-5.19,-5.98,0.0;-4.75,-6.15,0.0;-4.85,-6.43,0.0;-5.29,-6.26,0.0;-5.19,-5.98,0.0;
6.48,-8.77,-2.39,0.0;-8.79,-2.22,0.0;-8.59,-2.31,0.0;-8.75,-2.58,0.0;-8.94,-2.47,0.0;-8.79,-2.22,0.0;
6.12,-8.97,-3.95,0.0;-9.04,-3.78,0.0;-8.82,-3.86,0.0;-8.89,-4.1,0.0;-9.12,-4.04,0.0;-9.04,-3.78,0.0;
10.74,-9.76,-2.02,0.0;-9.89,-1.81,0.0;-9.58,-1.9,0.0;-9.64,-2.22,0.0;-9.96,-2.14,0.0;-9.89,-1.81,0.0;
7.92,-9.71,-1.74,0.0;-9.84,-1.58,0.0;-9.53,-1.66,0.0;-9.58,-1.9,0.0;-9.89,-1.81,0.0;-9.84,-1.58,0.0;
7.26,-9.66,-1.5,0.0;-9.78,-1.34,0.0;-9.49,-1.44,0.0;-9.53,-1.66,0.0;-9.84,-1.58,0.0;-9.78,-1.34,0.0;
5.86,-11.17,-3.32,0.0;-11.23,-3.15,0.0;-11.04,-3.19,0.0;-11.11,-3.49,0.0;-11.3,-3.45,0.0;-11.23,-3.15,0.0;
5.59,-9.39,-3.8,0.0;-9.46,-3.65,0.0;-9.24,-3.72,0.0;-9.31,-3.95,0.0;-9.53,-3.88,0.0;-9.46,-3.65,0.0;
6.2,-8.85,-3.03,0.0;-8.88,-2.81,0.0;-8.73,-2.84,0.0;-8.83,-3.25,0.0;-8.97,-3.22,0.0;-8.88,-2.81,0.0;
6.13,-7.51,-3.85,0.0;-7.64,-3.71,0.0;-7.33,-3.81,0.0;-7.38,-3.99,0.0;-7.68,-3.9,0.0;-7.64,-3.71,0.0;
8.43,-7.04,-6.82,0.0;-6.9,-6.66,0.0;-6.91,-6.98,0.0;-7.17,-6.98,0.0;-7.16,-6.65,0.0;-6.9,-6.66,0.0;
5.49,-9.27,-3.36,0.0;-9.42,-3.24,0.0;-9.08,-3.35,0.0;-9.12,-3.49,0.0;-9.47,-3.39,0.0;-9.42,-3.24,0.0;
36.78,-4.67,-5.68,0.0;-5.01,-5.46,0.0;-4.88,-5.51,0.0;-4.86,-5.44,0.0;-4.85,-5.43,0.0;-4.84,-5.42,0.0;-4.81,-5.42,0.0;-4.8,-5.43,0.0;-4.79,-5.43,0.0;-4.78,-5.45,0.0;-4.78,-5.46,0.0;-4.8,-5.53,0.0;-4.71,-5.57,0.0;-4.62,-5.31,0.0;-4.32,-5.41,0.0;-4.35,-5.45,0.0;-4.31,-5.46,0.0;-4.3,-5.63,0.0;-4.47,-5.98,0.0;-4.51,-5.97,0.0;-4.53,-6.04,0.0;-5.03,-5.86,0.0;-5.02,-5.81,0.0;-5.12,-5.77,0.0;-5.01,-5.46,0.0;
4.62,-9.57,-1.1,0.0;-9.71,-0.98,0.0;-9.4,-1.08,0.0;-9.43,-1.21,0.0;-9.74,-1.13,0.0;-9.71,-0.98,0.0;
3.59,-6.14,-7.48,0.0;-6.21,-7.35,0.0;-6.07,-7.36,0.0;-6.08,-7.6,0.0;-6.22,-7.6,0.0;-6.21,-7.35,0.0;
11.26,-5.41,-6.14,0.0;-5.44,-5.89,0.0;-5.2,-5.99,0.0;-5.37,-6.39,0.0;-5.61,-6.29,0.0;-5.44,-5.89,0.0;
5.77,-5.33,-6.72,0.0;-5.4,-6.53,0.0;-5.25,-6.54,0.0;-5.26,-6.9,0.0;-5.42,-6.89,0.0;-5.4,-6.53,0.0;
12.22,-6.88,-4.68,0.0;-7.04,-4.48,0.0;-6.68,-4.56,0.0;-6.71,-4.86,0.0;-7.08,-4.83,0.0;-7.04,-4.48,0.0;
6.78,-6.04,-4.9,0.0;-6.08,-4.76,0.0;-5.93,-4.8,0.0;-5.9,-4.81,0.0;-5.91,-5.03,0.0;-6.09,-5.03,0.0;-6.17,-5.03,0.0;-6.16,-4.73,0.0;-6.08,-4.76,0.0;
9.6,-6.52,-5.12,0.0;-6.66,-4.95,0.0;-6.35,-4.97,0.0;-6.37,-5.28,0.0;-6.68,-5.26,0.0;-6.66,-4.95,0.0;
6.99,-6.51,-4.77,0.0;-6.64,-4.64,0.0;-6.37,-4.65,0.0;-6.37,-4.9,0.0;-6.65,-4.89,0.0;-6.64,-4.64,0.0;
4.64,-6.58,-2.27,0.0;-6.67,-2.14,0.0;-6.64,-2.14,0.0;-6.59,-2.15,0.0;-6.42,-2.31,0.0;-6.46,-2.35,0.0;-6.53,-2.43,0.0;-6.68,-2.29,0.0;-6.74,-2.23,0.0;-6.67,-2.14,0.0;
4.82,-8.95,-3.42,0.0;-9.03,-3.29,0.0;-8.8,-3.36,0.0;-8.87,-3.55,0.0;-9.09,-3.49,0.0;-9.03,-3.29,0.0;
10.8,-4.31,-4.89,0.0;-4.53,-4.72,0.0;-4.04,-4.86,0.0;-4.1,-5.07,0.0;-4.59,-4.92,0.0;-4.53,-4.72,0.0;
26.79,-7.9,-5.72,0.0;-8.19,-5.46,0.0;-7.56,-5.57,0.0;-7.59,-5.97,0.0;-8.26,-5.86,0.0;-8.19,-5.46,0.0;
53.94,-5.8,-3.85,0.0;-6.65,-3.37,0.0;-5.01,-3.97,0.0;-5.16,-4.37,0.0;-5.58,-4.22,0.0;-5.52,-4.06,0.0;-6.74,-3.62,0.0;-6.65,-3.37,0.0;
13.0,-7.65,-4.34,0.0;-7.81,-4.13,0.0;-7.42,-4.25,0.0;-7.42,-4.3,0.0;-7.47,-4.54,0.0;-7.88,-4.45,0.0;-7.86,-4.38,0.0;-7.81,-4.13,0.0;
25.77,-7.82,-2.38,0.0;-7.82,-2.03,0.0;-7.48,-2.21,0.0;-7.77,-2.73,0.0;-8.18,-2.5,0.0;-8.01,-2.2,0.0;-7.94,-2.24,0.0;-7.82,-2.03,0.0;
7.92,-8.22,-6.47,0.0;-8.36,-6.33,0.0;-8.04,-6.38,0.0;-8.07,-6.54,0.0;-8.08,-6.62,0.0;-8.4,-6.57,0.0;-8.36,-6.33,0.0;
52.78,-9.08,-4.62,0.0;-8.87,-4.16,0.0;-8.83,-4.3,0.0;-8.79,-4.29,0.0;-8.7,-4.84,0.0;-8.85,-4.97,0.0;-8.96,-4.97,0.0;-8.98,-5.09,0.0;-9.32,-5.12,0.0;-9.44,-4.18,0.0;-9.29,-4.16,0.0;-9.28,-4.25,0.0;-9.02,-4.23,0.0;-9.02,-4.18,0.0;-8.87,-4.16,0.0;
19.72,-6.98,-7.23,0.0;-6.91,-6.98,0.0;-6.78,-6.99,0.0;-6.79,-7.49,0.0;-7.18,-7.48,0.0;-7.17,-6.98,0.0;-6.91,-6.98,0.0;
4.68,-10.04,-4.74,0.0;-10.17,-4.61,0.0;-9.86,-4.75,0.0;-9.92,-4.88,0.0;-10.23,-4.73,0.0;-10.17,-4.61,0.0;
7.16,-10.49,-4.22,0.0;-10.62,-4.07,0.0;-10.31,-4.14,0.0;-10.36,-4.36,0.0;-10.67,-4.29,0.0;-10.62,-4.07,0.0;
6.54,-7.86,-6.5,0.0;-8.04,-6.38,0.0;-7.65,-6.45,0.0;-7.67,-6.61,0.0;-8.07,-6.54,0.0;-8.04,-6.38,0.0;
29.97,-8.82,-1.71,0.0;-9.02,-1.37,0.0;-8.4,-1.65,0.0;-8.62,-2.04,0.0;-9.23,-1.78,0.0;-9.02,-1.37,0.0;
0.44,-4.32,-4.27,0.0;-4.34,-4.23,0.0;-4.27,-4.25,0.0;-4.29,-4.31,0.0;-4.36,-4.29,0.0;-4.34,-4.23,0.0;
21.3,-3.43,-5.89,0.0;-3.57,-5.59,0.0;-3.19,-5.65,0.0;-3.28,-6.2,0.0;-3.66,-6.13,0.0;-3.57,-5.59,0.0;
47.75,-1.78,-3.11,0.0;-2.08,-2.69,0.0;-1.33,-2.93,0.0;-1.49,-3.52,0.0;-2.2,-3.33,0.0;-2.08,-2.69,0.0;
70.58,-1.94,-4.39,0.0;-1.92,-3.89,0.0;-1.61,-4.0,0.0;-1.74,-4.45,0.0;-1.43,-4.54,0.0;-1.54,-4.97,0.0;-2.13,-4.78,0.0;-2.4,-4.69,0.0;-2.28,-4.22,0.0;-2.15,-3.7,0.0;-1.9,-3.79,0.0;-1.92,-3.89,0.0;
18.8,-1.87,-3.55,0.0;-2.2,-3.33,0.0;-1.49,-3.52,0.0;-1.56,-3.78,0.0;-2.24,-3.58,0.0;-2.2,-3.33,0.0;
8.01,-2.89,-2.56,0.0;-3.0,-2.43,0.0;-2.69,-2.49,0.0;-2.72,-2.7,0.0;-3.15,-2.62,0.0;-3.0,-2.43,0.0;
12.56,-2.96,-2.8,0.0;-3.15,-2.62,0.0;-2.72,-2.7,0.0;-2.76,-2.97,0.0;-3.21,-2.9,0.0;-3.15,-2.62,0.0;
4.84,-7.19,-0.4,0.0;-7.2,-0.23,0.0;-7.05,-0.31,0.0;-7.17,-0.56,0.0;-7.33,-0.5,0.0;-7.2,-0.23,0.0;
6.46,-3.0,-3.7,0.0;-3.09,-3.55,0.0;-2.86,-3.59,0.0;-2.9,-3.86,0.0;-3.14,-3.81,0.0;-3.09,-3.55,0.0;
2.98,-2.97,-3.49,0.0;-3.1,-3.4,0.0;-2.82,-3.46,0.0;-2.84,-3.57,0.0;-3.12,-3.51,0.0;-3.1,-3.4,0.0;
14.15,-3.69,-1.8,0.0;-3.83,-1.58,0.0;-3.44,-1.72,0.0;-3.54,-2.03,0.0;-3.96,-1.88,0.0;-3.83,-1.58,0.0;
4.68,-3.57,-3.62,0.0;-3.58,-3.4,0.0;-3.47,-3.43,0.0;-3.56,-3.83,0.0;-3.67,-3.8,0.0;-3.58,-3.4,0.0;
5.25,-3.2,-3.37,0.0;-3.28,-3.22,0.0;-3.07,-3.27,0.0;-3.07,-3.28,0.0;-3.1,-3.4,0.0;-3.12,-3.51,0.0;-3.33,-3.47,0.0;-3.28,-3.22,0.0;
4.37,-3.24,-3.66,0.0;-3.31,-3.52,0.0;-3.13,-3.55,0.0;-3.16,-3.7,0.0;-3.18,-3.79,0.0;-3.35,-3.76,0.0;-3.31,-3.52,0.0;
5.0,-4.0,-2.66,0.0;-4.1,-2.53,0.0;-3.85,-2.61,0.0;-3.9,-2.8,0.0;-4.15,-2.71,0.0;-4.13,-2.62,0.0;-4.1,-2.53,0.0;
10.05,-3.55,-2.69,0.0;-3.69,-2.5,0.0;-3.33,-2.62,0.0;-3.42,-2.87,0.0;-3.77,-2.75,0.0;-3.69,-2.5,0.0;
7.21,-3.91,-2.48,0.0;-4.03,-2.32,0.0;-3.72,-2.44,0.0;-3.78,-2.64,0.0;-3.85,-2.61,0.0;-4.1,-2.53,0.0;-4.03,-2.32,0.0;
6.76,-5.75,-1.03,0.0;-5.72,-0.84,0.0;-5.56,-0.98,0.0;-5.78,-1.21,0.0;-5.93,-1.07,0.0;-5.72,-0.84,0.0;
6.42,-4.94,-1.79,0.0;-4.99,-1.6,0.0;-4.75,-1.85,0.0;-4.88,-1.98,0.0;-4.95,-1.91,0.0;-5.13,-1.73,0.0;-4.99,-1.6,0.0;
11.4,-5.31,-2.07,0.0;-5.25,-1.83,0.0;-5.06,-2.02,0.0;-5.35,-2.31,0.0;-5.55,-2.11,0.0;-5.25,-1.83,0.0;
6.85,-2.78,-1.77,0.0;-2.97,-1.61,0.0;-2.54,-1.79,0.0;-2.59,-1.92,0.0;-3.03,-1.74,0.0;-2.97,-1.61,0.0;
12.27,-4.13,-1.14,0.0;-4.11,-0.87,0.0;-3.88,-1.08,0.0;-4.21,-1.41,0.0;-4.37,-1.24,0.0;-4.2,-1.07,0.0;-4.26,-1.01,0.0;-4.11,-0.87,0.0;
3.56,-2.95,-3.37,0.0;-3.07,-3.28,0.0;-2.8,-3.34,0.0;-2.82,-3.46,0.0;-3.1,-3.4,0.0;-3.07,-3.28,0.0;
13.01,-4.69,-2.56,0.0;-4.47,-2.34,0.0;-4.62,-2.8,0.0;-4.77,-2.75,0.0;-4.99,-2.7,0.0;-4.63,-2.29,0.0;-4.47,-2.34,0.0;
7.47,-6.37,-1.16,0.0;-6.34,-0.97,0.0;-6.17,-1.13,0.0;-6.41,-1.36,0.0;-6.57,-1.21,0.0;-6.34,-0.97,0.0;
5.42,-7.34,-0.33,0.0;-7.36,-0.15,0.0;-7.2,-0.23,0.0;-7.33,-0.5,0.0;-7.49,-0.45,0.0;-7.36,-0.15,0.0;
8.36,-6.14,-1.38,0.0;-6.12,-1.18,0.0;-5.93,-1.35,0.0;-6.17,-1.59,0.0;-6.35,-1.42,0.0;-6.12,-1.18,0.0;
7.51,-4.59,-2.12,0.0;-4.72,-1.91,0.0;-4.54,-2.11,0.0;-4.34,-2.16,0.0;-4.37,-2.29,0.0;-4.66,-2.21,0.0;-4.84,-2.02,0.0;-4.72,-1.91,0.0;
17.08,-3.49,-1.38,0.0;-3.64,-1.13,0.0;-3.38,-1.24,0.0;-3.39,-1.28,0.0;-3.19,-1.37,0.0;-3.27,-1.63,0.0;-3.83,-1.39,0.0;-3.64,-1.13,0.0;
21.96,-4.22,-1.87,0.0;-4.15,-1.65,0.0;-3.98,-1.71,0.0;-4.05,-1.88,0.0;-3.98,-1.91,0.0;-4.09,-2.2,0.0;-4.5,-2.05,0.0;-4.29,-1.5,0.0;-4.12,-1.56,0.0;-4.15,-1.65,0.0;
10.59,-3.02,-1.38,0.0;-2.98,-1.11,0.0;-2.79,-1.21,0.0;-2.94,-1.49,0.0;-3.0,-1.46,0.0;-3.12,-1.68,0.0;-3.25,-1.61,0.0;-2.98,-1.11,0.0;
4.81,-4.27,-2.42,0.0;-4.41,-2.3,0.0;-4.1,-2.39,0.0;-4.13,-2.53,0.0;-4.46,-2.44,0.0;-4.41,-2.3,0.0;
4.82,-4.31,-2.55,0.0;-4.46,-2.44,0.0;-4.13,-2.53,0.0;-4.18,-2.67,0.0;-4.5,-2.57,0.0;-4.46,-2.44,0.0;
4.82,-5.02,-2.31,0.0;-5.06,-2.15,0.0;-4.86,-2.36,0.0;-4.97,-2.47,0.0;-5.18,-2.26,0.0;-5.06,-2.15,0.0;
13.36,-3.02,-3.08,0.0;-3.21,-2.9,0.0;-2.76,-2.97,0.0;-2.79,-3.11,0.0;-2.81,-3.26,0.0;-3.27,-3.18,0.0;-3.24,-3.03,0.0;-3.21,-2.9,0.0;
4.72,-4.36,-2.69,0.0;-4.5,-2.57,0.0;-4.18,-2.67,0.0;-4.22,-2.81,0.0;-4.54,-2.71,0.0;-4.5,-2.57,0.0;
4.35,-5.13,-2.42,0.0;-5.18,-2.26,0.0;-4.97,-2.47,0.0;-5.08,-2.57,0.0;-5.29,-2.36,0.0;-5.18,-2.26,0.0;
4.15,-5.1,-1.87,0.0;-5.13,-1.73,0.0;-4.95,-1.91,0.0;-5.06,-2.02,0.0;-5.25,-1.83,0.0;-5.13,-1.73,0.0;
5.6,-5.35,-1.11,0.0;-5.42,-0.93,0.0;-5.17,-1.17,0.0;-5.27,-1.29,0.0;-5.53,-1.05,0.0;-5.42,-0.93,0.0;
7.42,-4.79,-1.65,0.0;-4.82,-1.46,0.0;-4.59,-1.7,0.0;-4.75,-1.85,0.0;-4.99,-1.6,0.0;-4.82,-1.46,0.0;
6.23,-5.86,-1.56,0.0;-5.91,-1.39,0.0;-5.68,-1.6,0.0;-5.83,-1.74,0.0;-6.05,-1.53,0.0;-5.91,-1.39,0.0;
5.6,-5.46,-1.23,0.0;-5.53,-1.05,0.0;-5.27,-1.29,0.0;-5.38,-1.4,0.0;-5.64,-1.16,0.0;-5.53,-1.05,0.0;
5.78,-5.93,-0.84,0.0;-5.9,-0.66,0.0;-5.76,-0.8,0.0;-5.98,-1.01,0.0;-6.11,-0.89,0.0;-5.9,-0.66,0.0;
8.16,-6.15,-0.49,0.0;-6.23,-0.28,0.0;-5.93,-0.54,0.0;-6.06,-0.7,0.0;-6.37,-0.43,0.0;-6.23,-0.28,0.0;
7.29,-6.88,-0.48,0.0;-6.99,-0.34,0.0;-6.68,-0.4,0.0;-6.78,-0.63,0.0;-7.07,-0.54,0.0;-6.99,-0.34,0.0;
5.63,-4.11,-3.03,0.0;-4.2,-2.89,0.0;-3.96,-2.97,0.0;-3.99,-3.08,0.0;-4.01,-3.18,0.0;-4.26,-3.1,0.0;-4.2,-2.89,0.0;
4.85,-4.05,-2.84,0.0;-4.15,-2.71,0.0;-3.9,-2.8,0.0;-3.92,-2.87,0.0;-3.96,-2.97,0.0;-4.2,-2.89,0.0;-4.17,-2.78,0.0;-4.15,-2.71,0.0;
7.19,-3.15,-1.17,0.0;-3.15,-0.97,0.0;-2.97,-1.08,0.0;-3.15,-1.36,0.0;-3.33,-1.26,0.0;-3.15,-0.97,0.0;
4.78,-4.41,-2.82,0.0;-4.54,-2.71,0.0;-4.22,-2.81,0.0;-4.26,-2.94,0.0;-4.58,-2.85,0.0;-4.54,-2.71,0.0;
5.2,-3.8,-0.69,0.0;-3.81,-0.52,0.0;-3.64,-0.74,0.0;-3.78,-0.85,0.0;-3.96,-0.65,0.0;-3.81,-0.52,0.0;
5.45,-4.89,-2.19,0.0;-4.93,-2.02,0.0;-4.72,-2.24,0.0;-4.86,-2.36,0.0;-5.06,-2.15,0.0;-4.93,-2.02,0.0;
12.5,-3.64,-3.06,0.0;-3.78,-2.85,0.0;-3.39,-2.99,0.0;-3.49,-3.27,0.0;-3.88,-3.13,0.0;-3.78,-2.85,0.0;
5.61,-3.83,-3.56,0.0;-3.72,-3.37,0.0;-3.81,-3.77,0.0;-3.94,-3.74,0.0;-3.86,-3.34,0.0;-3.72,-3.37,0.0;
5.89,-3.69,-3.59,0.0;-3.58,-3.4,0.0;-3.67,-3.8,0.0;-3.81,-3.77,0.0;-3.72,-3.37,0.0;-3.58,-3.4,0.0;
6.34,-5.57,-1.35,0.0;-5.64,-1.16,0.0;-5.38,-1.4,0.0;-5.51,-1.53,0.0;-5.76,-1.29,0.0;-5.64,-1.16,0.0;
13.48,-2.69,-1.5,0.0;-2.8,-1.24,0.0;-2.48,-1.43,0.0;-2.54,-1.74,0.0;-2.92,-1.6,0.0;-2.8,-1.24,0.0;
343.43,0.2,4.64,0.0;0.53,6.8,0.0;0.54,6.45,0.0;0.33,6.45,0.0;0.36,5.67,0.0;0.16,5.67,0.0;0.18,5.2,0.0;-0.01,5.19,0.0;0.01,4.72,0.0;-0.19,4.72,0.0;-0.18,4.41,0.0;0.31,4.44,0.0;0.32,4.07,0.0;1.73,4.11,0.0;1.73,4.18,0.0;2.14,4.19,0.0;2.15,4.12,0.0;2.16,3.64,0.0;0.35,3.59,0.0;0.35,3.49,0.0;0.02,3.48,0.0;0.02,3.58,0.0;-0.27,3.57,0.0;-0.28,4.03,0.0;-0.34,4.03,0.0;-0.33,3.55,0.0;-0.55,3.54,0.0;-0.55,3.51,0.0;-0.83,3.5,0.0;-0.86,4.46,0.0;-0.0,6.78,0.0;0.53,6.8,0.0;
367.68,2.08,5.84,0.0;1.17,6.82,0.0;2.4,6.87,0.0;2.4,6.91,0.0;2.43,6.95,0.0;2.98,6.95,0.0;3.02,6.93,0.0;3.04,6.88,0.0;3.06,6.17,0.0;3.05,6.14,0.0;3.04,6.12,0.0;3.02,6.08,0.0;3.0,6.04,0.0;2.99,6.03,0.0;2.96,6.01,0.0;2.94,6.0,0.0;2.92,6.0,0.0;2.9,6.0,0.0;2.87,5.99,0.0;2.9,4.81,0.0;2.54,4.79,0.0;2.39,4.79,0.0;2.21,4.78,0.0;1.22,4.76,0.0;1.23,4.82,0.0;1.14,5.03,0.0;1.13,5.6,0.0;1.2,5.83,0.0;1.19,6.31,0.0;1.43,6.32,0.0;1.42,6.58,0.0;1.18,6.57,0.0;1.17,6.82,0.0;
18.07,7.45,6.52,0.0;7.16,6.69,0.0;7.67,6.72,0.0;7.71,6.18,0.0;7.63,6.17,0.0;7.61,6.41,0.0;7.17,6.38,0.0;7.16,6.69,0.0;
369.99,4.82,4.74,0.0;4.42,7.03,0.0;4.56,4.08,0.0;6.38,4.15,0.0;6.37,4.63,0.0;6.86,4.66,0.0;6.87,4.24,0.0;6.77,4.23,0.0;6.77,4.16,0.0;6.87,4.17,0.0;6.88,3.75,0.0;6.21,3.72,0.0;6.22,3.6,0.0;3.97,3.44,0.0;3.78,7.01,0.0;4.42,7.03,0.0;
9.08,6.36,6.31,0.0;6.2,6.46,0.0;6.49,6.47,0.0;6.51,6.15,0.0;6.23,6.15,0.0;6.2,6.46,0.0;
29.67,5.49,7.03,0.0;5.11,7.21,0.0;5.82,7.28,0.0;5.84,6.83,0.0;5.15,6.81,0.0;5.11,7.21,0.0;
15.54,6.73,6.31,0.0;6.52,6.49,0.0;6.93,6.51,0.0;6.95,6.13,0.0;6.54,6.11,0.0;6.52,6.49,0.0;
18.74,-0.61,-7.2,0.0;-0.78,-6.94,0.0;-0.33,-7.07,0.0;-0.44,-7.46,0.0;-0.89,-7.33,0.0;-0.78,-6.94,0.0;
207.1,-1.93,-5.87,0.0;-2.44,-4.85,0.0;-1.16,-5.27,0.0;-1.62,-7.16,0.0;-1.9,-7.1,0.0;-1.82,-6.6,0.0;-2.66,-6.44,0.0;-2.44,-4.85,0.0;
6.98,-1.25,-6.35,0.0;-1.32,-6.17,0.0;-1.1,-6.23,0.0;-1.18,-6.52,0.0;-1.4,-6.46,0.0;-1.32,-6.17,0.0;
4.13,-0.35,-7.68,0.0;-0.28,-7.5,0.0;-0.31,-7.87,0.0;-0.43,-7.86,0.0;-0.39,-7.49,0.0;-0.28,-7.5,0.0;
5.41,-0.63,-7.66,0.0;-0.54,-7.48,0.0;-0.57,-7.85,0.0;-0.71,-7.84,0.0;-0.68,-7.47,0.0;-0.54,-7.48,0.0;
22.27,-2.61,-7.19,0.0;-2.39,-6.94,0.0;-2.45,-7.49,0.0;-2.84,-7.44,0.0;-2.77,-6.87,0.0;-2.39,-6.94,0.0;
5.9,-1.33,-6.67,0.0;-1.42,-6.52,0.0;-1.18,-6.58,0.0;-1.25,-6.81,0.0;-1.48,-6.76,0.0;-1.42,-6.52,0.0;
9.45,-0.82,-7.64,0.0;-0.94,-7.44,0.0;-0.68,-7.47,0.0;-0.71,-7.84,0.0;-0.97,-7.81,0.0;-0.94,-7.48,0.0;-0.94,-7.44,0.0;
10.4,-2.64,-7.6,0.0;-2.84,-7.44,0.0;-2.45,-7.49,0.0;-2.47,-7.79,0.0;-2.67,-7.76,0.0;-2.86,-7.58,0.0;-2.84,-7.44,0.0;
5.33,-0.48,-7.67,0.0;-0.39,-7.49,0.0;-0.43,-7.86,0.0;-0.57,-7.85,0.0;-0.54,-7.48,0.0;-0.39,-7.49,0.0;
17.26,-1.75,-7.52,0.0;-1.93,-7.29,0.0;-1.39,-7.34,0.0;-1.4,-7.47,0.0;-1.64,-7.45,0.0;-1.67,-7.79,0.0;-1.8,-7.78,0.0;-1.97,-7.77,0.0;-1.94,-7.42,0.0;-1.93,-7.29,0.0;
6.09,-1.04,-7.66,0.0;-1.1,-7.47,0.0;-0.94,-7.48,0.0;-0.97,-7.81,0.0;-0.97,-7.85,0.0;-1.14,-7.83,0.0;-1.11,-7.55,0.0;-1.1,-7.47,0.0;
5.81,-1.23,-7.68,0.0;-1.32,-7.53,0.0;-1.11,-7.55,0.0;-1.14,-7.83,0.0;-1.34,-7.81,0.0;-1.32,-7.53,0.0;
6.5,-1.4,-6.92,0.0;-1.48,-6.76,0.0;-1.25,-6.81,0.0;-1.33,-7.09,0.0;-1.55,-7.02,0.0;-1.48,-6.76,0.0;
8.97,-1.0,-7.07,0.0;-0.83,-6.92,0.0;-0.93,-7.27,0.0;-1.18,-7.21,0.0;-1.1,-6.92,0.0;-1.01,-6.94,0.0;-1.0,-6.88,0.0;-0.83,-6.92,0.0;
2.78,-1.24,-7.44,0.0;-1.35,-7.37,0.0;-1.12,-7.39,0.0;-1.13,-7.51,0.0;-1.36,-7.49,0.0;-1.35,-7.37,0.0;
5.3,-1.43,-7.67,0.0;-1.51,-7.52,0.0;-1.32,-7.53,0.0;-1.34,-7.81,0.0;-1.53,-7.8,0.0;-1.51,-7.52,0.0;
5.85,-3.99,-7.59,0.0;-4.12,-7.48,0.0;-3.88,-7.5,0.0;-3.82,-7.5,0.0;-3.87,-7.71,0.0;-4.13,-7.7,0.0;-4.12,-7.48,0.0;
4.25,-4.22,-7.59,0.0;-4.25,-7.47,0.0;-4.12,-7.48,0.0;-4.13,-7.7,0.0;-4.19,-7.69,0.0;-4.38,-7.68,0.0;-4.25,-7.47,0.0;
6.7,-4.69,-7.58,0.0;-4.84,-7.47,0.0;-4.63,-7.48,0.0;-4.53,-7.48,0.0;-4.5,-7.48,0.0;-4.56,-7.69,0.0;-4.85,-7.69,0.0;-4.84,-7.47,0.0;
7.92,-1.42,-7.22,0.0;-1.57,-7.06,0.0;-1.19,-7.19,0.0;-1.25,-7.37,0.0;-1.65,-7.25,0.0;-1.57,-7.06,0.0;
9.34,4.24,-4.23,0.0;4.23,-4.01,0.0;4.44,-4.13,0.0;4.34,-4.32,0.0;4.28,-4.45,0.0;4.04,-4.32,0.0;4.15,-4.14,0.0;4.23,-4.01,0.0;
8.06,3.18,-3.2,0.0;3.06,-3.04,0.0;3.36,-3.11,0.0;3.3,-3.33,0.0;3.25,-3.32,0.0;3.24,-3.36,0.0;3.0,-3.31,0.0;3.06,-3.04,0.0;
6.23,2.47,-2.58,0.0;2.35,-2.4,0.0;2.67,-2.63,0.0;2.58,-2.76,0.0;2.26,-2.54,0.0;2.35,-2.4,0.0;
11.49,5.68,-5.36,0.0;5.6,-5.08,0.0;5.96,-5.42,0.0;5.68,-5.53,0.0;5.59,-5.57,0.0;5.5,-5.56,0.0;5.53,-5.4,0.0;5.55,-5.29,0.0;5.59,-5.07,0.0;5.6,-5.08,0.0;
13.0,1.38,-1.8,0.0;1.22,-1.59,0.0;1.41,-1.66,0.0;1.64,-1.74,0.0;1.61,-1.83,0.0;1.54,-2.01,0.0;1.11,-1.85,0.0;1.22,-1.59,0.0;
7.78,2.83,-3.13,0.0;2.76,-2.94,0.0;2.93,-3.04,0.0;3.01,-3.09,0.0;3.04,-3.1,0.0;2.98,-3.2,0.0;2.96,-3.19,0.0;2.91,-3.27,0.0;2.89,-3.31,0.0;2.63,-3.16,0.0;2.66,-3.12,0.0;2.76,-2.94,0.0;
10.2,4.81,-4.85,0.0;4.65,-4.69,0.0;5.03,-4.76,0.0;4.98,-5.02,0.0;4.6,-4.95,0.0;4.65,-4.69,0.0;
15.42,1.49,-1.5,0.0;1.34,-1.27,0.0;1.76,-1.42,0.0;1.64,-1.74,0.0;1.41,-1.66,0.0;1.22,-1.59,0.0;1.24,-1.51,0.0;1.34,-1.27,0.0;
6.51,2.95,-2.92,0.0;2.88,-2.75,0.0;3.13,-2.89,0.0;3.01,-3.09,0.0;2.93,-3.04,0.0;2.76,-2.94,0.0;2.79,-2.9,0.0;2.88,-2.75,0.0;
7.03,3.6,-3.44,0.0;3.72,-3.27,0.0;3.68,-3.63,0.0;3.56,-3.61,0.0;3.48,-3.6,0.0;3.49,-3.54,0.0;3.52,-3.25,0.0;3.72,-3.27,0.0;
10.9,5.68,-5.67,0.0;5.41,-5.64,0.0;5.89,-5.5,0.0;5.95,-5.7,0.0;5.47,-5.84,0.0;5.41,-5.64,0.0;
5.31,5.1,-4.89,0.0;5.19,-4.74,0.0;5.2,-4.83,0.0;5.16,-5.06,0.0;4.99,-5.03,0.0;5.05,-4.71,0.0;5.19,-4.74,0.0;
1.71,5.97,-5.79,0.0;5.92,-5.75,0.0;6.04,-5.72,0.0;6.07,-5.81,0.0;6.0,-5.83,0.0;5.9,-5.86,0.0;5.87,-5.76,0.0;5.92,-5.75,0.0;
20.47,5.45,-7.13,0.0;5.61,-6.79,0.0;5.67,-7.14,0.0;5.65,-7.32,0.0;5.47,-7.36,0.0;5.21,-7.41,0.0;5.16,-7.13,0.0;5.4,-7.08,0.0;5.35,-6.83,0.0;5.61,-6.79,0.0;
4.56,6.02,-5.95,0.0;6.07,-5.81,0.0;6.11,-5.92,0.0;6.12,-5.99,0.0;6.14,-6.04,0.0;5.96,-6.1,0.0;5.94,-6.04,0.0;5.93,-5.98,0.0;5.9,-5.87,0.0;5.9,-5.86,0.0;6.0,-5.83,0.0;6.07,-5.81,0.0;
46.63,5.72,-6.23,0.0;5.25,-5.93,0.0;5.83,-5.78,0.0;5.97,-6.32,0.0;5.98,-6.35,0.0;6.0,-6.42,0.0;6.24,-6.35,0.0;6.27,-6.47,0.0;6.22,-6.49,0.0;6.23,-6.53,0.0;6.25,-6.62,0.0;6.1,-6.67,0.0;5.92,-6.72,0.0;5.82,-6.39,0.0;5.4,-6.51,0.0;5.25,-5.93,0.0;
6.52,-0.14,-4.83,0.0;-0.17,-4.64,0.0;0.01,-4.7,0.0;-0.06,-4.93,0.0;-0.12,-4.92,0.0;-0.16,-5.04,0.0;-0.28,-5.0,0.0;-0.17,-4.64,0.0;
4.73,2.82,-4.31,0.0;2.78,-4.16,0.0;2.94,-4.2,0.0;2.86,-4.47,0.0;2.7,-4.43,0.0;2.78,-4.16,0.0;
9.2,4.06,-4.62,0.0;3.99,-4.4,0.0;4.23,-4.5,0.0;4.13,-4.82,0.0;3.88,-4.76,0.0;3.99,-4.4,0.0;
9.66,-0.74,-4.59,0.0;-0.9,-4.42,0.0;-0.75,-4.47,0.0;-0.62,-4.51,0.0;-0.51,-4.55,0.0;-0.58,-4.76,0.0;-0.68,-4.73,0.0;-0.81,-4.7,0.0;-0.96,-4.66,0.0;-0.9,-4.42,0.0;
9.54,-0.22,-5.97,0.0;-0.38,-5.8,0.0;0.01,-5.92,0.0;-0.06,-6.15,0.0;-0.45,-6.02,0.0;-0.38,-5.8,0.0;
4.91,3.88,-7.64,0.0;3.78,-7.52,0.0;4.02,-7.55,0.0;3.99,-7.76,0.0;3.75,-7.72,0.0;3.78,-7.52,0.0;
7.27,-0.31,-5.43,0.0;-0.37,-5.24,0.0;-0.16,-5.3,0.0;-0.25,-5.62,0.0;-0.46,-5.56,0.0;-0.37,-5.24,0.0;
4.39,-0.28,-6.62,0.0;-0.34,-6.49,0.0;-0.15,-6.55,0.0;-0.21,-6.76,0.0;-0.41,-6.69,0.0;-0.34,-6.49,0.0;
39.04,0.63,-4.02,0.0;0.45,-3.52,0.0;0.84,-3.65,0.0;0.75,-3.95,0.0;0.96,-4.01,0.0;0.8,-4.54,0.0;0.45,-4.43,0.0;0.55,-4.12,0.0;0.29,-4.04,0.0;0.45,-3.52,0.0;
9.91,-0.26,-6.28,0.0;-0.43,-6.11,0.0;-0.02,-6.23,0.0;-0.1,-6.45,0.0;-0.5,-6.34,0.0;-0.43,-6.11,0.0;
5.86,1.32,-3.53,0.0;1.29,-3.33,0.0;1.44,-3.37,0.0;1.36,-3.73,0.0;1.21,-3.69,0.0;1.23,-3.57,0.0;1.29,-3.33,0.0;
2.64,-0.33,-6.79,0.0;-0.41,-6.69,0.0;-0.21,-6.76,0.0;-0.24,-6.87,0.0;-0.45,-6.82,0.0;-0.41,-6.69,0.0;
17.79,0.36,-4.58,0.0;0.09,-4.36,0.0;0.77,-4.58,0.0;0.69,-4.79,0.0;0.26,-4.66,0.0;0.24,-4.72,0.0;-0.0,-4.65,0.0;0.09,-4.36,0.0;
6.34,-0.98,-5.38,0.0;-1.07,-5.22,0.0;-0.83,-5.29,0.0;-0.9,-5.54,0.0;-1.13,-5.47,0.0;-1.07,-5.22,0.0;
10.1,4.32,-5.3,0.0;4.29,-5.1,0.0;4.49,-5.14,0.0;4.41,-5.51,0.0;4.22,-5.47,0.0;4.14,-5.45,0.0;4.23,-5.08,0.0;4.29,-5.1,0.0;
6.76,4.67,-5.81,0.0;4.62,-5.62,0.0;4.79,-5.65,0.0;4.74,-6.01,0.0;4.54,-5.97,0.0;4.62,-5.62,0.0;
23.73,-1.1,-3.54,0.0;-1.22,-3.19,0.0;-0.82,-3.32,0.0;-1.0,-3.88,0.0;-1.37,-3.77,0.0;-1.22,-3.19,0.0;
16.08,-0.78,-3.64,0.0;-0.82,-3.32,0.0;-0.57,-3.4,0.0;-0.73,-3.97,0.0;-1.0,-3.88,0.0;-0.82,-3.32,0.0;
4.69,2.66,-4.27,0.0;2.62,-4.12,0.0;2.78,-4.16,0.0;2.7,-4.43,0.0;2.54,-4.39,0.0;2.62,-4.12,0.0;
4.7,-0.7,-6.28,0.0;-0.81,-6.16,0.0;-0.59,-6.23,0.0;-0.54,-6.25,0.0;-0.59,-6.4,0.0;-0.85,-6.32,0.0;-0.81,-6.16,0.0;
6.02,-0.61,-5.86,0.0;-0.69,-5.71,0.0;-0.45,-5.78,0.0;-0.52,-6.01,0.0;-0.77,-5.93,0.0;-0.69,-5.71,0.0;
11.3,-1.13,-5.95,0.0;-1.2,-5.71,0.0;-0.95,-5.77,0.0;-1.01,-6.02,0.0;-1.07,-6.2,0.0;-1.31,-6.12,0.0;-1.26,-5.94,0.0;-1.2,-5.71,0.0;
6.78,4.46,-5.76,0.0;4.4,-5.56,0.0;4.59,-5.6,0.0;4.52,-5.95,0.0;4.33,-5.91,0.0;4.4,-5.56,0.0;
5.69,4.7,-5.38,0.0;4.66,-5.18,0.0;4.81,-5.21,0.0;4.74,-5.58,0.0;4.59,-5.55,0.0;4.66,-5.18,0.0;
8.2,4.15,-6.11,0.0;4.01,-5.95,0.0;4.25,-6.0,0.0;4.24,-6.04,0.0;4.34,-6.07,0.0;4.31,-6.27,0.0;3.96,-6.19,0.0;4.01,-5.95,0.0;
7.95,4.79,-6.45,0.0;4.73,-6.24,0.0;4.92,-6.27,0.0;4.85,-6.66,0.0;4.65,-6.63,0.0;4.73,-6.24,0.0;
17.12,4.08,-6.6,0.0;3.98,-6.31,0.0;4.29,-6.38,0.0;4.2,-6.89,0.0;3.87,-6.83,0.0;3.98,-6.31,0.0;
10.13,4.53,-6.41,0.0;4.44,-6.19,0.0;4.69,-6.23,0.0;4.62,-6.63,0.0;4.37,-6.59,0.0;4.44,-6.19,0.0;
6.13,4.5,-8.0,0.0;4.39,-7.86,0.0;4.65,-7.88,0.0;4.57,-8.14,0.0;4.37,-8.13,0.0;4.39,-7.86,0.0;
4.52,2.51,-4.24,0.0;2.47,-4.08,0.0;2.62,-4.12,0.0;2.54,-4.39,0.0;2.39,-4.36,0.0;2.47,-4.08,0.0;
8.74,2.25,-4.15,0.0;2.14,-3.96,0.0;2.43,-4.05,0.0;2.35,-4.34,0.0;2.12,-4.27,0.0;2.14,-4.2,0.0;2.08,-4.19,0.0;2.14,-3.96,0.0;
8.16,1.73,-3.73,0.0;1.59,-3.57,0.0;1.92,-3.66,0.0;1.86,-3.9,0.0;1.53,-3.79,0.0;1.59,-3.57,0.0;
15.89,2.56,-3.84,0.0;2.4,-3.6,0.0;2.82,-3.73,0.0;2.72,-4.07,0.0;2.3,-3.97,0.0;2.4,-3.6,0.0;
6.46,1.77,-3.52,0.0;1.63,-3.39,0.0;1.74,-3.42,0.0;1.96,-3.49,0.0;1.92,-3.66,0.0;1.59,-3.57,0.0;1.62,-3.42,0.0;1.63,-3.39,0.0;
10.01,4.87,-5.89,0.0;5.03,-5.7,0.0;4.95,-6.12,0.0;4.73,-6.08,0.0;4.74,-6.01,0.0;4.79,-5.65,0.0;5.03,-5.7,0.0;
6.57,4.97,-5.43,0.0;5.1,-5.29,0.0;5.04,-5.61,0.0;4.84,-5.57,0.0;4.9,-5.25,0.0;5.1,-5.29,0.0;
4.15,2.97,-4.36,0.0;3.08,-4.24,0.0;3.01,-4.51,0.0;2.86,-4.47,0.0;2.94,-4.2,0.0;3.08,-4.24,0.0;
7.72,-0.89,-5.05,0.0;-0.96,-4.86,0.0;-0.73,-4.94,0.0;-0.81,-5.23,0.0;-1.05,-5.17,0.0;-0.96,-4.86,0.0;
18.1,3.44,-4.48,0.0;3.14,-4.27,0.0;3.79,-4.43,0.0;3.73,-4.7,0.0;3.08,-4.53,0.0;3.14,-4.27,0.0;
5.73,3.73,-5.12,0.0;3.86,-5.0,0.0;3.8,-5.29,0.0;3.61,-5.25,0.0;3.67,-4.96,0.0;3.86,-5.0,0.0;
10.92,0.42,-5.01,0.0;0.34,-4.79,0.0;0.64,-4.89,0.0;0.46,-5.23,0.0;0.22,-5.16,0.0;0.34,-4.79,0.0;
15.17,5.44,-6.68,0.0;5.08,-6.66,0.0;5.77,-6.49,0.0;5.83,-6.69,0.0;5.1,-6.87,0.0;5.08,-6.66,0.0;
12.45,1.85,-2.41,0.0;1.67,-2.2,0.0;2.11,-2.36,0.0;2.03,-2.6,0.0;1.59,-2.47,0.0;1.67,-2.2,0.0;
14.07,1.5,-3.2,0.0;1.25,-3.01,0.0;1.81,-3.15,0.0;1.76,-3.36,0.0;1.75,-3.39,0.0;1.19,-3.24,0.0;1.25,-3.01,0.0;
3.8,-0.83,-4.82,0.0;-0.92,-4.71,0.0;-0.69,-4.79,0.0;-0.73,-4.94,0.0;-0.96,-4.86,0.0;-0.92,-4.71,0.0;
4.98,3.91,-7.96,0.0;3.83,-7.82,0.0;4.01,-7.83,0.0;3.99,-8.1,0.0;3.81,-8.09,0.0;3.83,-7.82,0.0;
4.75,2.37,-2.72,0.0;2.24,-2.56,0.0;2.57,-2.77,0.0;2.5,-2.87,0.0;2.47,-2.85,0.0;2.18,-2.66,0.0;2.24,-2.56,0.0;
4.3,1.17,-3.43,0.0;1.12,-3.29,0.0;1.29,-3.33,0.0;1.23,-3.57,0.0;1.12,-3.55,0.0;1.06,-3.46,0.0;1.12,-3.29,0.0;
7.43,2.7,-3.34,0.0;2.63,-3.16,0.0;2.89,-3.31,0.0;2.79,-3.49,0.0;2.65,-3.47,0.0;2.5,-3.38,0.0;2.63,-3.16,0.0;
6.52,4.71,-6.9,0.0;4.66,-6.71,0.0;4.85,-6.75,0.0;4.77,-7.09,0.0;4.58,-7.04,0.0;4.66,-6.71,0.0;
7.9,4.46,-6.84,0.0;4.61,-6.7,0.0;4.53,-7.03,0.0;4.31,-6.98,0.0;4.38,-6.65,0.0;4.61,-6.7,0.0;
1.52,0.05,-3.5,0.0;0.02,-3.42,0.0;0.13,-3.45,0.0;0.08,-3.59,0.0;-0.02,-3.55,0.0;0.02,-3.42,0.0;
16.07,-0.53,-5.52,0.0;-0.4,-5.24,0.0;-0.5,-5.57,0.0;-0.24,-5.64,0.0;-0.29,-5.8,0.0;-0.76,-5.67,0.0;-0.65,-5.24,0.0;-0.58,-5.19,0.0;-0.4,-5.24,0.0;
3.4,3.92,-7.41,0.0;3.81,-7.32,0.0;4.04,-7.35,0.0;4.03,-7.49,0.0;3.8,-7.47,0.0;3.81,-7.32,0.0;
10.8,0.15,-4.93,0.0;0.06,-4.71,0.0;0.34,-4.79,0.0;0.22,-5.16,0.0;-0.04,-5.08,0.0;0.06,-4.71,0.0;
6.82,3.94,-7.19,0.0;3.84,-7.03,0.0;4.08,-7.06,0.0;4.04,-7.35,0.0;3.81,-7.32,0.0;3.84,-7.03,0.0;
4.52,4.08,-7.97,0.0;4.01,-7.83,0.0;4.18,-7.85,0.0;4.15,-8.12,0.0;3.99,-8.1,0.0;4.01,-7.83,0.0;
5.44,4.28,-7.99,0.0;4.39,-7.86,0.0;4.37,-8.13,0.0;4.17,-8.11,0.0;4.19,-7.84,0.0;4.39,-7.86,0.0;
10.53,4.32,-7.31,0.0;4.2,-7.1,0.0;4.49,-7.15,0.0;4.43,-7.51,0.0;4.15,-7.46,0.0;4.2,-7.1,0.0;
11.11,3.07,-3.94,0.0;2.92,-3.76,0.0;3.31,-3.86,0.0;3.23,-4.12,0.0;2.84,-4.03,0.0;2.92,-3.76,0.0;
20.99,3.53,-4.07,0.0;3.36,-3.84,0.0;3.51,-3.88,0.0;3.53,-3.79,0.0;3.8,-3.85,0.0;3.66,-4.36,0.0;3.25,-4.25,0.0;3.36,-3.84,0.0;
7.38,-0.39,-4.82,0.0;-0.44,-4.63,0.0;-0.23,-4.69,0.0;-0.34,-5.01,0.0;-0.54,-4.96,0.0;-0.44,-4.63,0.0;
6.03,4.54,-5.35,0.0;4.66,-5.18,0.0;4.59,-5.55,0.0;4.43,-5.52,0.0;4.5,-5.15,0.0;4.66,-5.18,0.0;
11.47,4.39,-7.67,0.0;4.17,-7.52,0.0;4.64,-7.58,0.0;4.61,-7.82,0.0;4.14,-7.76,0.0;4.17,-7.52,0.0;
49.18,1.03,-2.94,0.0;0.92,-2.45,0.0;1.36,-2.62,0.0;1.54,-2.69,0.0;1.42,-2.99,0.0;1.25,-2.92,0.0;1.04,-3.46,0.0;0.6,-3.3,0.0;0.92,-2.45,0.0;
7.6,1.96,-3.3,0.0;1.81,-3.15,0.0;2.16,-3.24,0.0;2.11,-3.45,0.0;1.76,-3.36,0.0;1.81,-3.15,0.0;
6.16,-1.05,-5.62,0.0;-1.13,-5.47,0.0;-0.9,-5.54,0.0;-0.95,-5.77,0.0;-1.2,-5.71,0.0;-1.13,-5.47,0.0;
4.46,1.52,-3.59,0.0;1.62,-3.42,0.0;1.59,-3.57,0.0;1.53,-3.79,0.0;1.42,-3.76,0.0;1.52,-3.39,0.0;1.62,-3.42,0.0;
3.85,-0.68,-6.11,0.0;-0.76,-5.99,0.0;-0.55,-6.06,0.0;-0.59,-6.23,0.0;-0.81,-6.16,0.0;-0.76,-5.99,0.0;
256.63,2.8,-5.89,0.0;2.35,-5.01,0.0;2.9,-5.17,0.0;2.93,-5.08,0.0;3.32,-5.18,0.0;3.49,-5.69,0.0;3.42,-5.68,0.0;3.42,-5.71,0.0;3.61,-5.74,0.0;3.56,-6.11,0.0;3.77,-6.13,0.0;3.63,-7.31,0.0;2.71,-7.19,0.0;2.88,-5.69,0.0;3.27,-5.73,0.0;3.27,-5.68,0.0;2.58,-5.59,0.0;1.17,-5.13,0.0;1.3,-4.7,0.0;1.6,-4.8,0.0;1.65,-4.63,0.0;2.39,-4.86,0.0;2.35,-5.01,0.0;
74.43,0.71,-5.97,0.0;0.85,-5.14,0.0;1.26,-5.36,0.0;0.59,-6.8,0.0;0.23,-6.61,0.0;0.27,-6.5,0.0;0.2,-6.46,0.0;0.85,-5.14,0.0;
224.41,5.52,1.69,0.0;5.03,1.79,0.0;6.45,1.84,0.0;6.45,2.05,0.0;6.74,2.07,0.0;6.74,2.31,0.0;7.1,2.32,0.0;7.1,2.26,0.0;7.24,2.27,0.0;7.27,1.57,0.0;6.76,1.53,0.0;6.75,1.6,0.0;6.67,1.59,0.0;6.65,1.53,0.0;6.5,1.51,0.0;6.51,1.43,0.0;6.38,1.42,0.0;6.37,1.36,0.0;6.31,1.35,0.0;6.31,1.28,0.0;5.11,1.21,0.0;5.1,1.27,0.0;4.99,1.27,0.0;4.99,1.36,0.0;4.76,1.35,0.0;4.74,1.25,0.0;4.66,1.25,0.0;4.64,1.17,0.0;4.27,1.16,0.0;4.13,1.29,0.0;4.06,1.29,0.0;4.04,1.67,0.0;4.1,1.67,0.0;4.08,2.19,0.0;4.62,2.23,0.0;4.62,2.17,0.0;5.01,2.18,0.0;5.03,1.79,0.0;
32.74,7.47,0.16,0.0;7.46,0.56,0.0;7.88,0.13,0.0;7.51,-0.24,0.0;7.06,0.2,0.0;7.46,0.56,0.0;
5.98,8.75,-3.67,0.0;8.74,-3.48,0.0;8.88,-3.61,0.0;8.92,-3.64,0.0;8.73,-3.86,0.0;8.69,-3.82,0.0;8.59,-3.73,0.0;8.71,-3.59,0.0;8.67,-3.56,0.0;8.74,-3.48,0.0;
7.13,9.17,-3.3,0.0;9.09,-3.11,0.0;9.22,-3.23,0.0;9.38,-3.36,0.0;9.25,-3.5,0.0;9.1,-3.37,0.0;8.97,-3.25,0.0;9.09,-3.11,0.0;
6.4,9.33,-3.15,0.0;9.23,-2.95,0.0;9.36,-3.07,0.0;9.52,-3.22,0.0;9.41,-3.34,0.0;9.25,-3.2,0.0;9.14,-3.09,0.0;9.19,-3.04,0.0;9.17,-3.02,0.0;9.23,-2.95,0.0;
9.22,7.03,-5.48,0.0;6.9,-5.31,0.0;7.21,-5.36,0.0;7.2,-5.46,0.0;7.17,-5.64,0.0;7.05,-5.62,0.0;6.85,-5.59,0.0;6.85,-5.53,0.0;6.9,-5.31,0.0;
6.59,7.9,-4.56,0.0;7.86,-4.34,0.0;8.02,-4.37,0.0;7.98,-4.6,0.0;7.98,-4.62,0.0;7.94,-4.77,0.0;7.84,-4.75,0.0;7.78,-4.74,0.0;7.79,-4.69,0.0;7.8,-4.65,0.0;7.86,-4.34,0.0;
5.06,8.47,-3.86,0.0;8.34,-3.77,0.0;8.53,-3.72,0.0;8.59,-3.92,0.0;8.6,-3.96,0.0;8.55,-3.97,0.0;8.4,-4.01,0.0;8.34,-3.77,0.0;
6.78,8.97,-3.46,0.0;8.92,-3.26,0.0;9.07,-3.4,0.0;9.11,-3.44,0.0;9.16,-3.49,0.0;9.08,-3.56,0.0;9.0,-3.64,0.0;8.92,-3.57,0.0;8.8,-3.46,0.0;8.87,-3.38,0.0;8.84,-3.35,0.0;8.92,-3.26,0.0;
68.1,9.11,-1.4,0.0;9.54,-0.66,0.0;9.83,-0.98,0.0;9.71,-1.1,0.0;9.17,-1.63,0.0;8.83,-1.98,0.0;8.72,-2.09,0.0;8.68,-2.13,0.0;8.39,-1.85,0.0;9.54,-0.66,0.0;
10.12,7.35,-2.83,0.0;7.17,-2.68,0.0;7.57,-2.74,0.0;7.52,-3.0,0.0;7.41,-2.98,0.0;7.13,-2.92,0.0;7.17,-2.68,0.0;
11.93,7.6,-3.15,0.0;7.41,-2.98,0.0;7.52,-3.0,0.0;7.84,-3.06,0.0;7.8,-3.32,0.0;7.36,-3.24,0.0;7.4,-3.02,0.0;7.41,-2.98,0.0;
4.01,6.6,-4.17,0.0;6.48,-4.1,0.0;6.7,-4.01,0.0;6.64,-4.33,0.0;6.58,-4.35,0.0;6.48,-4.1,0.0;
7.39,5.7,-4.21,0.0;5.85,-4.06,0.0;5.91,-4.24,0.0;5.55,-4.37,0.0;5.5,-4.18,0.0;5.85,-4.06,0.0;
3.55,2.15,-1.18,0.0;2.13,-1.04,0.0;2.27,-1.1,0.0;2.2,-1.27,0.0;2.18,-1.31,0.0;2.04,-1.26,0.0;2.13,-1.04,0.0;
8.5,5.99,-2.87,0.0;5.87,-2.7,0.0;6.15,-2.7,0.0;6.16,-2.88,0.0;6.06,-2.88,0.0;6.06,-3.07,0.0;5.88,-3.08,0.0;5.87,-2.7,0.0;
7.56,2.37,-1.19,0.0;2.31,-1.0,0.0;2.55,-1.11,0.0;2.44,-1.37,0.0;2.2,-1.27,0.0;2.27,-1.1,0.0;2.31,-1.0,0.0;
4.0,3.09,-2.64,0.0;3.16,-2.52,0.0;3.21,-2.76,0.0;3.01,-2.72,0.0;2.98,-2.54,0.0;3.16,-2.52,0.0;
7.38,7.17,-3.67,0.0;7.01,-3.54,0.0;7.36,-3.59,0.0;7.33,-3.8,0.0;6.98,-3.75,0.0;7.01,-3.54,0.0;
3.62,3.93,-2.48,0.0;3.85,-2.37,0.0;4.03,-2.39,0.0;4.02,-2.59,0.0;3.83,-2.57,0.0;3.85,-2.37,0.0;
4.59,6.11,-3.36,0.0;6.24,-3.26,0.0;6.22,-3.29,0.0;6.15,-3.52,0.0;5.99,-3.47,0.0;6.08,-3.21,0.0;6.24,-3.26,0.0;
6.27,3.76,-2.09,0.0;3.68,-1.94,0.0;3.89,-1.97,0.0;3.86,-2.25,0.0;3.63,-2.22,0.0;3.68,-1.94,0.0;
4.57,6.23,-3.02,0.0;6.19,-2.86,0.0;6.34,-2.89,0.0;6.31,-3.0,0.0;6.28,-3.18,0.0;6.12,-3.14,0.0;6.19,-2.86,0.0;
4.83,6.28,-3.44,0.0;6.22,-3.29,0.0;6.42,-3.36,0.0;6.35,-3.58,0.0;6.15,-3.52,0.0;6.22,-3.29,0.0;
3.17,1.65,-0.96,0.0;1.64,-0.83,0.0;1.76,-0.87,0.0;1.66,-1.09,0.0;1.53,-1.01,0.0;1.64,-0.83,0.0;
4.33,6.47,-3.5,0.0;6.42,-3.36,0.0;6.59,-3.42,0.0;6.52,-3.64,0.0;6.35,-3.58,0.0;6.42,-3.36,0.0;
9.3,7.99,-1.47,0.0;7.88,-1.25,0.0;8.09,-1.41,0.0;8.23,-1.52,0.0;8.1,-1.69,0.0;7.95,-1.58,0.0;7.78,-1.46,0.0;7.83,-1.4,0.0;7.79,-1.37,0.0;7.88,-1.25,0.0;
4.22,4.01,-1.29,0.0;4.02,-1.14,0.0;4.15,-1.29,0.0;3.99,-1.44,0.0;3.87,-1.3,0.0;4.02,-1.14,0.0;
4.33,3.73,-2.46,0.0;3.63,-2.35,0.0;3.85,-2.37,0.0;3.83,-2.57,0.0;3.61,-2.54,0.0;3.63,-2.35,0.0;
3.85,3.53,-2.44,0.0;3.44,-2.33,0.0;3.63,-2.35,0.0;3.61,-2.54,0.0;3.42,-2.52,0.0;3.44,-2.33,0.0;
4.35,3.27,-2.62,0.0;3.34,-2.49,0.0;3.38,-2.73,0.0;3.21,-2.76,0.0;3.16,-2.52,0.0;3.34,-2.49,0.0;
10.2,3.69,-2.71,0.0;3.47,-2.59,0.0;3.93,-2.62,0.0;3.91,-2.84,0.0;3.44,-2.8,0.0;3.47,-2.59,0.0;
2.15,3.37,-2.97,0.0;3.31,-2.88,0.0;3.44,-2.9,0.0;3.43,-3.05,0.0;3.29,-3.04,0.0;3.31,-2.88,0.0;
10.06,3.75,-3.08,0.0;3.61,-2.91,0.0;3.95,-2.96,0.0;3.93,-3.14,0.0;3.86,-3.13,0.0;3.84,-3.26,0.0;3.57,-3.22,0.0;3.61,-2.91,0.0;
8.47,2.99,0.03,0.0;2.9,0.22,0.0;3.21,0.05,0.0;3.09,-0.16,0.0;2.78,0.02,0.0;2.9,0.22,0.0;
7.13,2.59,-1.29,0.0;2.55,-1.09,0.0;2.75,-1.18,0.0;2.62,-1.48,0.0;2.43,-1.41,0.0;2.44,-1.37,0.0;2.55,-1.11,0.0;2.55,-1.09,0.0;
8.78,2.29,-1.79,0.0;2.24,-1.57,0.0;2.47,-1.65,0.0;2.39,-1.88,0.0;2.34,-2.01,0.0;2.12,-1.93,0.0;2.21,-1.67,0.0;2.24,-1.57,0.0;
7.42,2.57,-2.41,0.0;2.48,-2.22,0.0;2.74,-2.4,0.0;2.73,-2.54,0.0;2.69,-2.61,0.0;2.37,-2.39,0.0;2.48,-2.22,0.0;
9.49,3.12,-1.73,0.0;3.04,-1.52,0.0;3.3,-1.62,0.0;3.2,-1.93,0.0;2.93,-1.84,0.0;3.04,-1.52,0.0;
8.57,4.0,0.34,0.0;4.0,0.45,0.0;4.22,0.45,0.0;4.27,0.32,0.0;3.78,0.19,0.0;3.75,0.37,0.0;4.0,0.45,0.0;
4.74,7.41,-1.85,0.0;7.32,-1.73,0.0;7.53,-1.76,0.0;7.5,-1.97,0.0;7.28,-1.94,0.0;7.32,-1.73,0.0;
4.96,2.57,-1.8,0.0;2.49,-1.66,0.0;2.72,-1.75,0.0;2.64,-1.94,0.0;2.42,-1.86,0.0;2.49,-1.66,0.0;
11.92,6.54,-5.12,0.0;6.79,-4.98,0.0;6.81,-5.21,0.0;6.29,-5.25,0.0;6.28,-5.03,0.0;6.79,-4.98,0.0;
9.33,5.54,-2.52,0.0;5.34,-2.42,0.0;5.57,-2.41,0.0;5.57,-2.39,0.0;5.74,-2.39,0.0;5.73,-2.64,0.0;5.34,-2.64,0.0;5.34,-2.42,0.0;
9.34,6.59,-2.85,0.0;6.42,-2.7,0.0;6.81,-2.78,0.0;6.76,-3.01,0.0;6.37,-2.93,0.0;6.42,-2.7,0.0;
16.58,5.77,-3.72,0.0;5.92,-3.52,0.0;6.05,-3.86,0.0;5.72,-3.99,0.0;5.6,-3.7,0.0;5.48,-3.74,0.0;5.48,-3.57,0.0;5.52,-3.56,0.0;5.51,-3.52,0.0;5.65,-3.51,0.0;5.66,-3.57,0.0;5.92,-3.52,0.0;
6.55,2.68,-0.47,0.0;2.72,-0.24,0.0;2.85,-0.32,0.0;2.68,-0.63,0.0;2.64,-0.7,0.0;2.51,-0.63,0.0;2.72,-0.24,0.0;
10.45,2.83,-0.98,0.0;2.75,-0.76,0.0;3.04,-0.89,0.0;2.9,-1.19,0.0;2.61,-1.06,0.0;2.75,-0.76,0.0;
7.53,7.72,-2.86,0.0;7.62,-2.69,0.0;7.86,-2.73,0.0;7.81,-3.03,0.0;7.57,-2.99,0.0;7.62,-2.69,0.0;
3.99,4.99,-4.4,0.0;4.89,-4.29,0.0;5.13,-4.36,0.0;5.09,-4.51,0.0;4.85,-4.46,0.0;4.89,-4.29,0.0;
4.39,3.23,-0.1,0.0;3.21,0.05,0.0;3.37,-0.04,0.0;3.26,-0.25,0.0;3.09,-0.16,0.0;3.21,0.05,0.0;
5.34,4.95,-4.59,0.0;4.85,-4.46,0.0;5.09,-4.51,0.0;5.08,-4.6,0.0;5.05,-4.71,0.0;4.8,-4.67,0.0;4.85,-4.46,0.0;
6.48,8.05,-2.88,0.0;7.89,-2.77,0.0;8.23,-2.79,0.0;8.21,-2.99,0.0;7.94,-2.96,0.0;7.88,-2.96,0.0;7.89,-2.77,0.0;
6.2,7.24,-3.11,0.0;7.13,-2.98,0.0;7.4,-3.02,0.0;7.36,-3.24,0.0;7.09,-3.19,0.0;7.13,-2.98,0.0;
6.33,3.02,-0.62,0.0;3.04,-0.43,0.0;3.19,-0.52,0.0;3.01,-0.82,0.0;2.85,-0.73,0.0;3.04,-0.43,0.0;
7.48,2.86,-0.52,0.0;2.85,-0.32,0.0;3.04,-0.43,0.0;2.85,-0.73,0.0;2.68,-0.63,0.0;2.85,-0.32,0.0;
4.67,3.36,-0.8,0.0;3.38,-0.58,0.0;3.48,-0.63,0.0;3.35,-1.01,0.0;3.24,-0.97,0.0;3.38,-0.58,0.0;
7.07,7.33,-2.36,0.0;7.24,-2.2,0.0;7.48,-2.24,0.0;7.43,-2.53,0.0;7.19,-2.49,0.0;7.24,-2.2,0.0;
9.11,7.46,-2.08,0.0;7.28,-1.94,0.0;7.5,-1.97,0.0;7.67,-2.0,0.0;7.64,-2.23,0.0;7.24,-2.17,0.0;7.28,-1.94,0.0;
19.66,6.02,-1.13,0.0;6.1,-0.88,0.0;6.34,-1.1,0.0;6.11,-1.36,0.0;6.05,-1.3,0.0;5.95,-1.41,0.0;5.69,-1.17,0.0;5.71,-1.14,0.0;5.97,-0.86,0.0;6.04,-0.93,0.0;6.1,-0.88,0.0;
27.47,4.63,0.42,0.0;4.94,0.61,0.0;5.02,0.39,0.0;4.37,0.1,0.0;4.27,0.32,0.0;4.22,0.45,0.0;4.93,0.75,0.0;4.99,0.64,0.0;4.94,0.61,0.0;
24.88,6.5,-1.76,0.0;6.21,-1.59,0.0;6.55,-1.48,0.0;6.68,-1.51,0.0;6.67,-1.55,0.0;6.85,-1.6,0.0;6.78,-1.84,0.0;6.63,-1.8,0.0;6.54,-2.11,0.0;6.28,-2.04,0.0;6.25,-1.77,0.0;6.21,-1.59,0.0;
4.91,4.97,-4.12,0.0;4.86,-4.0,0.0;5.08,-4.01,0.0;5.08,-4.24,0.0;4.85,-4.22,0.0;4.86,-4.0,0.0;
8.11,5.59,-2.84,0.0;5.41,-2.72,0.0;5.75,-2.72,0.0;5.76,-2.96,0.0;5.52,-2.96,0.0;5.42,-2.96,0.0;5.41,-2.72,0.0;
6.02,6.17,-2.41,0.0;6.25,-2.25,0.0;6.28,-2.56,0.0;6.09,-2.58,0.0;6.05,-2.27,0.0;6.25,-2.25,0.0;
5.45,5.75,-4.37,0.0;5.91,-4.24,0.0;5.96,-4.37,0.0;5.84,-4.41,0.0;5.61,-4.5,0.0;5.59,-4.51,0.0;5.55,-4.37,0.0;5.91,-4.24,0.0;
7.26,5.8,-4.59,0.0;5.61,-4.5,0.0;5.84,-4.41,0.0;5.99,-4.72,0.0;5.86,-4.77,0.0;5.62,-4.56,0.0;5.59,-4.51,0.0;5.61,-4.5,0.0;
9.38,5.79,-3.33,0.0;5.53,-3.27,0.0;5.86,-3.29,0.0;5.87,-3.12,0.0;5.99,-3.13,0.0;5.97,-3.46,0.0;5.52,-3.43,0.0;5.53,-3.27,0.0;
10.47,6.79,-2.22,0.0;6.62,-2.05,0.0;7.02,-2.15,0.0;6.95,-2.4,0.0;6.55,-2.29,0.0;6.62,-2.05,0.0;
10.33,6.14,-1.98,0.0;6.25,-1.77,0.0;6.28,-2.04,0.0;6.29,-2.15,0.0;6.02,-2.18,0.0;5.98,-1.8,0.0;6.25,-1.77,0.0;
7.54,3.52,-2.06,0.0;3.42,-1.9,0.0;3.68,-1.94,0.0;3.63,-2.22,0.0;3.37,-2.18,0.0;3.42,-1.9,0.0;
8.27,4.9,-3.51,0.0;5.06,-3.34,0.0;5.14,-3.51,0.0;4.74,-3.69,0.0;4.66,-3.52,0.0;5.06,-3.34,0.0;
5.16,5.99,-4.54,0.0;5.97,-4.36,0.0;6.13,-4.67,0.0;6.13,-4.68,0.0;5.99,-4.72,0.0;5.84,-4.41,0.0;5.96,-4.37,0.0;5.97,-4.36,0.0;
8.29,3.08,-2.08,0.0;2.91,-1.98,0.0;3.2,-1.93,0.0;3.23,-1.93,0.0;3.25,-2.19,0.0;2.94,-2.24,0.0;2.91,-1.98,0.0;
6.2,4.31,-1.74,0.0;4.35,-1.54,0.0;4.47,-1.72,0.0;4.25,-1.94,0.0;4.18,-1.86,0.0;4.23,-1.82,0.0;4.15,-1.73,0.0;4.35,-1.54,0.0;
4.23,4.19,-1.56,0.0;4.25,-1.4,0.0;4.34,-1.52,0.0;4.13,-1.72,0.0;4.04,-1.62,0.0;4.09,-1.56,0.0;4.25,-1.4,0.0;
3.39,4.12,-1.42,0.0;4.15,-1.29,0.0;4.25,-1.4,0.0;4.09,-1.56,0.0;3.99,-1.44,0.0;4.15,-1.29,0.0;
9.98,3.84,-3.46,0.0;3.72,-3.27,0.0;4.0,-3.31,0.0;3.96,-3.66,0.0;3.68,-3.63,0.0;3.72,-3.27,0.0;
5.72,2.18,-2.12,0.0;2.11,-1.96,0.0;2.33,-2.05,0.0;2.32,-2.08,0.0;2.25,-2.28,0.0;2.03,-2.2,0.0;2.11,-1.96,0.0;
6.31,6.84,-1.97,0.0;6.68,-1.84,0.0;7.05,-1.95,0.0;7.01,-2.1,0.0;6.63,-1.99,0.0;6.68,-1.84,0.0;
7.49,6.46,-4.31,0.0;6.29,-4.18,0.0;6.48,-4.1,0.0;6.58,-4.35,0.0;6.62,-4.44,0.0;6.44,-4.52,0.0;6.29,-4.18,0.0;
42.94,3.68,-1.38,0.0;3.75,-0.82,0.0;3.99,-1.12,0.0;3.74,-1.37,0.0;4.06,-1.78,0.0;3.85,-1.95,0.0;3.22,-1.33,0.0;3.75,-0.82,0.0;
15.72,7.18,-3.98,0.0;6.98,-3.78,0.0;7.42,-3.83,0.0;7.38,-4.19,0.0;6.94,-4.14,0.0;6.98,-3.78,0.0;
3.94,2.16,-0.11,0.0;2.12,0.03,0.0;2.29,-0.07,0.0;2.19,-0.25,0.0;2.02,-0.15,0.0;2.12,0.03,0.0;
4.09,2.05,-0.29,0.0;2.02,-0.15,0.0;2.19,-0.25,0.0;2.08,-0.43,0.0;1.92,-0.34,0.0;2.02,-0.15,0.0;
5.23,1.8,-1.03,0.0;1.76,-0.87,0.0;1.95,-0.96,0.0;1.84,-1.18,0.0;1.66,-1.11,0.0;1.66,-1.09,0.0;1.76,-0.87,0.0;
5.88,2.51,-2.06,0.0;2.4,-1.91,0.0;2.68,-2.01,0.0;2.62,-2.2,0.0;2.34,-2.1,0.0;2.4,-1.91,0.0;
2.65,3.22,-2.95,0.0;3.14,-2.86,0.0;3.31,-2.88,0.0;3.29,-3.04,0.0;3.15,-3.03,0.0;3.14,-2.86,0.0;
9.3,5.67,-3.12,0.0;5.52,-2.96,0.0;5.76,-2.96,0.0;5.8,-2.96,0.0;5.81,-3.16,0.0;5.85,-3.17,0.0;5.85,-3.26,0.0;5.53,-3.27,0.0;5.52,-3.27,0.0;5.52,-2.96,0.0;
6.56,6.94,-1.77,0.0;7.05,-1.66,0.0;7.01,-1.78,0.0;7.12,-1.81,0.0;7.08,-1.93,0.0;6.78,-1.84,0.0;6.85,-1.6,0.0;7.05,-1.66,0.0;
13.52,8.37,-2.51,0.0;8.39,-2.24,0.0;8.63,-2.45,0.0;8.36,-2.78,0.0;8.12,-2.57,0.0;8.39,-2.24,0.0;
5.15,8.14,-3.58,0.0;8.25,-3.46,0.0;8.3,-3.64,0.0;8.1,-3.69,0.0;8.09,-3.65,0.0;8.01,-3.68,0.0;7.96,-3.54,0.0;8.25,-3.46,0.0;
5.7,6.37,-4.9,0.0;6.59,-4.74,0.0;6.63,-4.84,0.0;6.15,-5.06,0.0;6.1,-4.96,0.0;6.59,-4.74,0.0;
18.71,4.22,0.68,0.0;3.85,0.72,0.0;4.6,0.86,0.0;4.64,0.64,0.0;3.82,0.49,0.0;3.79,0.66,0.0;3.86,0.67,0.0;3.85,0.72,0.0;
39.87,4.4,-3.12,0.0;4.5,-2.72,0.0;4.64,-3.0,0.0;4.73,-2.96,0.0;4.85,-3.22,0.0;4.08,-3.59,0.0;4.16,-2.76,0.0;4.5,-2.72,0.0;
5.68,7.55,-2.4,0.0;7.67,-2.27,0.0;7.62,-2.56,0.0;7.43,-2.53,0.0;7.48,-2.24,0.0;7.67,-2.27,0.0;
7.21,6.08,-4.12,0.0;6.16,-3.95,0.0;6.26,-4.18,0.0;6.0,-4.29,0.0;5.9,-4.06,0.0;6.16,-3.95,0.0;
13.11,4.64,-3.88,0.0;4.34,-3.84,0.0;4.87,-3.7,0.0;4.93,-3.93,0.0;4.4,-4.07,0.0;4.34,-3.84,0.0;
7.98,6.96,-5.08,0.0;6.88,-4.88,0.0;7.1,-4.92,0.0;7.04,-5.28,0.0;6.83,-5.25,0.0;6.88,-4.88,0.0;
12.09,8.82,-2.88,0.0;8.72,-2.64,0.0;9.08,-2.9,0.0;8.92,-3.12,0.0;8.56,-2.86,0.0;8.72,-2.64,0.0;
8.18,6.56,-5.57,0.0;6.6,-5.36,0.0;6.73,-5.69,0.0;6.5,-5.76,0.0;6.39,-5.44,0.0;6.6,-5.36,0.0;
4.05,8.5,-3.55,0.0;8.43,-3.41,0.0;8.51,-3.49,0.0;8.54,-3.45,0.0;8.59,-3.5,0.0;8.56,-3.53,0.0;8.64,-3.6,0.0;8.55,-3.7,0.0;8.34,-3.51,0.0;8.43,-3.41,0.0;
17.85,6.66,-2.54,0.0;6.42,-2.33,0.0;6.95,-2.43,0.0;6.9,-2.75,0.0;6.36,-2.65,0.0;6.42,-2.33,0.0;
9.16,6.15,-4.44,0.0;6.19,-4.22,0.0;6.33,-4.57,0.0;6.13,-4.67,0.0;5.97,-4.36,0.0;6.0,-4.35,0.0;5.98,-4.31,0.0;6.19,-4.22,0.0;
27.05,5.37,-1.98,0.0;5.48,-1.51,0.0;5.54,-1.98,0.0;5.58,-2.32,0.0;5.25,-2.39,0.0;5.17,-2.04,0.0;5.13,-1.86,0.0;5.39,-1.5,0.0;5.48,-1.51,0.0;
17.72,6.42,-3.81,0.0;6.19,-3.56,0.0;6.74,-3.74,0.0;6.67,-3.95,0.0;6.56,-3.93,0.0;6.53,-4.02,0.0;6.44,-4.05,0.0;6.23,-3.99,0.0;6.21,-3.93,0.0;6.25,-3.81,0.0;6.13,-3.76,0.0;6.19,-3.56,0.0;
9.94,6.55,-3.14,0.0;6.31,-3.0,0.0;6.65,-3.07,0.0;6.66,-3.02,0.0;6.81,-3.06,0.0;6.76,-3.29,0.0;6.28,-3.18,0.0;6.31,-3.0,0.0;
5.03,1.99,-1.11,0.0;1.95,-0.96,0.0;2.13,-1.04,0.0;2.04,-1.26,0.0;1.84,-1.18,0.0;1.95,-0.96,0.0;
10.97,7.2,-5.1,0.0;7.1,-4.88,0.0;7.38,-4.92,0.0;7.3,-5.32,0.0;7.04,-5.28,0.0;7.1,-4.92,0.0;7.1,-4.88,0.0;
11.05,2.32,-0.3,0.0;2.41,-0.09,0.0;2.55,-0.15,0.0;2.3,-0.56,0.0;2.19,-0.49,0.0;2.1,-0.44,0.0;2.32,-0.05,0.0;2.41,-0.09,0.0;
6.66,7.74,-4.49,0.0;7.86,-4.34,0.0;7.8,-4.65,0.0;7.79,-4.69,0.0;7.62,-4.66,0.0;7.67,-4.3,0.0;7.86,-4.34,0.0;
18.76,7.11,-4.44,0.0;6.94,-4.18,0.0;7.34,-4.24,0.0;7.28,-4.69,0.0;6.87,-4.64,0.0;6.94,-4.18,0.0;
12.09,2.08,-0.68,0.0;1.96,-0.46,0.0;2.33,-0.65,0.0;2.21,-0.9,0.0;1.82,-0.72,0.0;1.96,-0.46,0.0;
9.89,2.51,-0.41,0.0;2.69,-0.22,0.0;2.72,-0.24,0.0;2.51,-0.63,0.0;2.49,-0.67,0.0;2.3,-0.56,0.0;2.55,-0.15,0.0;2.69,-0.22,0.0;
12.83,8.23,-3.91,0.0;8.1,-3.69,0.0;8.3,-3.64,0.0;8.34,-3.77,0.0;8.4,-4.01,0.0;8.43,-4.09,0.0;8.17,-4.18,0.0;8.08,-3.85,0.0;8.04,-3.71,0.0;8.1,-3.69,0.0;
6.23,8.09,-3.36,0.0;8.19,-3.21,0.0;8.26,-3.41,0.0;8.01,-3.51,0.0;7.99,-3.45,0.0;7.96,-3.46,0.0;7.91,-3.32,0.0;8.19,-3.21,0.0;
12.68,7.48,-4.48,0.0;7.37,-4.24,0.0;7.66,-4.28,0.0;7.59,-4.72,0.0;7.31,-4.68,0.0;7.37,-4.24,0.0;
5.63,8.07,-3.08,0.0;7.94,-2.96,0.0;8.21,-2.99,0.0;8.19,-3.2,0.0;7.92,-3.17,0.0;7.94,-2.96,0.0;
11.68,8.1,-2.32,0.0;8.12,-2.05,0.0;8.33,-2.17,0.0;8.09,-2.6,0.0;7.88,-2.48,0.0;8.12,-2.05,0.0;
5.95,7.91,-2.04,0.0;7.91,-1.86,0.0;8.04,-1.92,0.0;8.09,-1.96,0.0;8.02,-2.1,0.0;7.95,-2.07,0.0;7.86,-2.23,0.0;7.74,-2.16,0.0;7.82,-2.01,0.0;7.91,-1.86,0.0;
8.76,7.77,-2.47,0.0;7.69,-2.25,0.0;7.91,-2.29,0.0;7.84,-2.68,0.0;7.62,-2.64,0.0;7.69,-2.25,0.0;
2.74,7.8,-1.9,0.0;7.75,-1.8,0.0;7.91,-1.86,0.0;7.82,-2.01,0.0;7.68,-1.91,0.0;7.75,-1.8,0.0;
5.38,3.48,-0.84,0.0;3.48,-0.63,0.0;3.6,-0.68,0.0;3.48,-1.06,0.0;3.35,-1.01,0.0;3.48,-0.63,0.0;
4.16,6.31,-4.38,0.0;6.29,-4.18,0.0;6.44,-4.52,0.0;6.33,-4.57,0.0;6.19,-4.22,0.0;6.29,-4.18,0.0;
3.69,7.6,-1.88,0.0;7.7,-1.78,0.0;7.68,-1.91,0.0;7.67,-2.0,0.0;7.5,-1.97,0.0;7.53,-1.76,0.0;7.7,-1.78,0.0;
12.99,9.28,-1.96,0.0;9.17,-1.69,0.0;9.55,-2.06,0.0;9.38,-2.24,0.0;9.0,-1.87,0.0;9.17,-1.69,0.0;
158.04,10.97,-0.4,0.0;10.86,0.35,0.0;11.45,0.31,0.0;11.44,0.14,0.0;11.58,0.13,0.0;11.52,-0.7,0.0;11.49,-1.14,0.0;11.14,-1.11,0.0;10.46,-1.07,0.0;10.48,-0.66,0.0;10.22,-0.64,0.0;10.23,-0.45,0.0;10.33,-0.46,0.0;10.36,-0.0,0.0;10.38,0.05,0.0;10.4,0.09,0.0;10.42,0.12,0.0;10.45,0.14,0.0;10.49,0.16,0.0;10.54,0.18,0.0;10.6,0.21,0.0;10.66,0.22,0.0;10.84,0.21,0.0;10.86,0.35,0.0;
6.0,8.85,5.43,0.0;8.93,5.58,0.0;8.96,5.28,0.0;8.77,5.27,0.0;8.75,5.59,0.0;8.9,5.61,0.0;8.93,5.61,0.0;8.93,5.58,0.0;
13.06,8.46,5.95,0.0;8.66,5.82,0.0;8.25,5.79,0.0;8.23,6.09,0.0;8.36,6.1,0.0;8.67,6.11,0.0;8.69,5.82,0.0;8.66,5.82,0.0;
32.21,10.35,4.02,0.0;10.66,4.01,0.0;10.3,3.61,0.0;9.95,3.92,0.0;10.31,4.32,0.0;10.42,4.44,0.0;10.75,4.12,0.0;10.66,4.01,0.0;
4.64,9.05,5.45,0.0;9.12,5.4,0.0;9.13,5.3,0.0;8.98,5.29,0.0;8.97,5.54,0.0;8.97,5.61,0.0;9.11,5.62,0.0;9.12,5.4,0.0;
6.13,9.37,4.95,0.0;9.45,5.1,0.0;9.47,4.78,0.0;9.28,4.77,0.0;9.28,5.12,0.0;9.43,5.12,0.0;9.45,5.12,0.0;9.45,5.1,0.0;
14.41,9.26,4.02,0.0;9.04,4.19,0.0;9.47,4.19,0.0;9.47,3.85,0.0;9.05,3.85,0.0;9.04,4.19,0.0;
4.75,9.75,4.08,0.0;9.58,4.14,0.0;9.91,4.17,0.0;9.91,4.02,0.0;9.58,3.99,0.0;9.58,4.14,0.0;
7.15,9.75,3.9,0.0;9.58,3.99,0.0;9.91,4.02,0.0;9.93,3.81,0.0;9.59,3.78,0.0;9.58,3.99,0.0;
7.36,8.97,3.56,0.0;8.85,3.72,0.0;9.09,3.72,0.0;9.09,3.4,0.0;8.85,3.4,0.0;8.85,3.72,0.0;
29.27,10.18,-1.11,0.0;9.85,-0.59,0.0;10.62,-1.35,0.0;10.41,-1.57,0.0;9.85,-1.02,0.0;9.91,-0.86,0.0;9.75,-0.68,0.0;9.76,-0.66,0.0;9.77,-0.64,0.0;9.79,-0.61,0.0;9.82,-0.59,0.0;9.85,-0.59,0.0;
4.73,7.4,5.46,0.0;7.21,5.51,0.0;7.59,5.54,0.0;7.59,5.41,0.0;7.22,5.39,0.0;7.21,5.51,0.0;
4.15,7.41,5.34,0.0;7.22,5.39,0.0;7.59,5.41,0.0;7.6,5.3,0.0;7.23,5.28,0.0;7.22,5.39,0.0;
4.88,7.39,5.59,0.0;7.2,5.64,0.0;7.59,5.67,0.0;7.59,5.54,0.0;7.21,5.51,0.0;7.2,5.64,0.0;
6.18,7.39,5.73,0.0;7.19,5.81,0.0;7.58,5.82,0.0;7.59,5.67,0.0;7.2,5.64,0.0;7.19,5.81,0.0;
7.87,8.56,5.53,0.0;8.4,5.65,0.0;8.7,5.66,0.0;8.71,5.4,0.0;8.41,5.39,0.0;8.4,5.65,0.0;
5.0,9.76,4.3,0.0;9.62,4.38,0.0;9.88,4.4,0.0;9.89,4.21,0.0;9.64,4.19,0.0;9.62,4.38,0.0;
46.1,9.66,-1.56,0.0;9.98,-1.2,0.0;10.16,-1.37,0.0;10.06,-1.48,0.0;9.96,-1.6,0.0;9.93,-1.57,0.0;9.81,-1.7,0.0;9.9,-1.79,0.0;9.65,-2.07,0.0;9.52,-1.95,0.0;9.17,-1.63,0.0;9.71,-1.1,0.0;9.86,-1.25,0.0;9.98,-1.2,0.0;
4.97,9.91,-2.08,0.0;9.96,-1.92,0.0;10.08,-2.03,0.0;9.87,-2.25,0.0;9.75,-2.13,0.0;9.96,-1.92,0.0;
4.07,9.73,4.49,0.0;9.57,4.55,0.0;9.9,4.55,0.0;9.9,4.44,0.0;9.58,4.41,0.0;9.57,4.55,0.0;
7.22,9.17,4.94,0.0;9.28,5.12,0.0;9.28,4.77,0.0;9.07,4.76,0.0;9.07,5.11,0.0;9.28,5.12,0.0;
7.47,8.74,4.93,0.0;8.85,5.1,0.0;8.85,4.75,0.0;8.64,4.75,0.0;8.63,5.09,0.0;8.85,5.1,0.0;
7.59,8.96,4.93,0.0;9.07,5.11,0.0;9.07,4.76,0.0;8.85,4.75,0.0;8.85,5.1,0.0;9.07,5.11,0.0;
5.76,8.67,4.51,0.0;8.56,4.63,0.0;8.77,4.65,0.0;8.79,4.38,0.0;8.57,4.37,0.0;8.56,4.63,0.0;
6.96,8.94,4.02,0.0;9.04,4.19,0.0;9.05,3.85,0.0;8.84,3.85,0.0;8.84,4.19,0.0;9.04,4.19,0.0;
3.91,9.73,4.61,0.0;9.57,4.66,0.0;9.89,4.68,0.0;9.9,4.55,0.0;9.57,4.55,0.0;9.57,4.66,0.0;
7.66,8.73,4.02,0.0;8.62,4.19,0.0;8.84,4.19,0.0;8.84,3.85,0.0;8.62,3.85,0.0;8.62,4.19,0.0;
5.42,7.37,6.01,0.0;7.17,6.07,0.0;7.57,6.08,0.0;7.58,5.95,0.0;7.18,5.93,0.0;7.17,6.07,0.0;
7.92,8.98,4.5,0.0;9.1,4.67,0.0;9.11,4.34,0.0;8.86,4.33,0.0;8.85,4.66,0.0;9.1,4.67,0.0;
11.73,9.28,4.51,0.0;9.1,4.67,0.0;9.46,4.67,0.0;9.47,4.35,0.0;9.11,4.34,0.0;9.1,4.67,0.0;
133.01,10.16,1.67,0.0;10.14,2.34,0.0;10.52,2.35,0.0;10.53,1.95,0.0;10.53,1.87,0.0;10.76,1.87,0.0;10.76,1.57,0.0;10.77,1.07,0.0;9.64,1.06,0.0;9.62,2.33,0.0;9.98,2.34,0.0;10.14,2.34,0.0;
152.83,8.69,6.62,0.0;8.45,7.44,0.0;8.51,6.93,0.0;8.58,6.93,0.0;8.61,6.72,0.0;9.95,6.77,0.0;9.95,6.86,0.0;10.28,6.85,0.0;10.27,6.49,0.0;10.06,6.49,0.0;10.06,6.45,0.0;9.86,6.45,0.0;9.86,6.4,0.0;9.54,6.4,0.0;9.53,6.54,0.0;9.43,6.54,0.0;9.44,6.38,0.0;8.68,6.33,0.0;8.7,6.19,0.0;8.28,6.16,0.0;8.12,6.15,0.0;8.13,5.97,0.0;7.76,5.96,0.0;7.74,6.66,0.0;7.73,6.71,0.0;8.03,6.74,0.0;8.0,7.4,0.0;8.45,7.44,0.0;
12.67,7.62,6.97,0.0;7.39,7.11,0.0;7.82,7.13,0.0;7.84,6.84,0.0;7.57,6.81,0.0;7.44,6.81,0.0;7.42,6.95,0.0;7.39,7.11,0.0;
5.77,8.88,5.78,0.0;8.98,5.92,0.0;9.0,5.66,0.0;8.85,5.65,0.0;8.77,5.65,0.0;8.76,5.73,0.0;8.75,5.89,0.0;8.98,5.92,0.0;
41.06,11.26,3.7,0.0;11.55,4.12,0.0;11.74,3.74,0.0;11.36,3.55,0.0;11.45,3.39,0.0;11.35,3.38,0.0;10.84,3.37,0.0;10.84,3.75,0.0;10.91,3.78,0.0;11.55,4.12,0.0;
12.56,9.73,4.98,0.0;9.56,5.17,0.0;9.87,5.2,0.0;9.9,4.78,0.0;9.81,4.77,0.0;9.61,4.76,0.0;9.58,4.98,0.0;9.56,5.17,0.0;
4.97,9.47,5.52,0.0;9.5,5.69,0.0;9.61,5.42,0.0;9.45,5.36,0.0;9.34,5.62,0.0;9.5,5.69,0.0;
8.87,11.43,6.34,0.0;11.26,6.47,0.0;11.6,6.47,0.0;11.6,6.21,0.0;11.26,6.21,0.0;11.26,6.47,0.0;
4.93,9.77,5.65,0.0;9.63,5.73,0.0;9.79,5.81,0.0;9.91,5.57,0.0;9.75,5.48,0.0;9.63,5.73,0.0;
10.11,11.37,5.9,0.0;11.15,5.96,0.0;11.43,6.11,0.0;11.59,5.84,0.0;11.31,5.68,0.0;11.15,5.96,0.0;
8.21,11.92,6.19,0.0;11.63,6.13,0.0;12.1,6.4,0.0;12.08,6.08,0.0;11.63,6.08,0.0;11.63,6.13,0.0;
5.24,9.27,5.89,0.0;9.39,6.03,0.0;9.45,5.87,0.0;9.14,5.77,0.0;9.09,5.91,0.0;9.39,6.03,0.0;
4.27,9.33,5.46,0.0;9.34,5.62,0.0;9.45,5.36,0.0;9.31,5.3,0.0;9.2,5.57,0.0;9.34,5.62,0.0;
4.47,9.16,6.19,0.0;9.3,6.31,0.0;9.33,6.2,0.0;9.06,6.06,0.0;8.98,6.21,0.0;9.12,6.28,0.0;9.14,6.24,0.0;9.3,6.31,0.0;
3.6,9.33,5.73,0.0;9.46,5.84,0.0;9.49,5.72,0.0;9.21,5.63,0.0;9.17,5.74,0.0;9.46,5.84,0.0;
6.31,9.58,6.22,0.0;9.7,6.33,0.0;9.77,6.2,0.0;9.5,6.06,0.0;9.4,6.27,0.0;9.55,6.34,0.0;9.7,6.33,0.0;
12.43,10.0,6.25,0.0;10.19,6.42,0.0;10.28,6.24,0.0;9.87,6.04,0.0;9.72,6.33,0.0;10.09,6.42,0.0;10.11,6.38,0.0;10.19,6.42,0.0;
3.94,9.75,5.89,0.0;9.85,6.01,0.0;9.91,5.89,0.0;9.65,5.77,0.0;9.59,5.9,0.0;9.85,6.01,0.0;
7.88,10.17,5.84,0.0;10.24,6.03,0.0;10.36,5.79,0.0;10.1,5.66,0.0;9.98,5.9,0.0;10.24,6.03,0.0;
8.98,9.29,7.33,0.0;9.38,7.54,0.0;9.42,7.18,0.0;9.42,7.14,0.0;9.18,7.13,0.0;9.18,7.53,0.0;9.38,7.54,0.0;
12.79,11.65,4.83,0.0;11.59,5.0,0.0;11.75,5.08,0.0;11.88,4.74,0.0;11.77,4.69,0.0;11.58,4.58,0.0;11.44,4.86,0.0;11.42,4.91,0.0;11.59,5.0,0.0;
6.33,8.85,6.08,0.0;8.71,6.2,0.0;8.92,6.25,0.0;8.98,5.95,0.0;8.77,5.91,0.0;8.71,6.2,0.0;
2.82,11.84,4.18,0.0;11.72,4.24,0.0;11.94,4.25,0.0;11.94,4.11,0.0;11.75,4.1,0.0;11.72,4.24,0.0;
4.51,9.22,6.03,0.0;9.36,6.15,0.0;9.39,6.03,0.0;9.09,5.91,0.0;9.04,6.05,0.0;9.36,6.15,0.0;
8.74,11.83,6.38,0.0;11.65,6.48,0.0;12.1,6.5,0.0;12.08,6.41,0.0;11.66,6.17,0.0;11.65,6.48,0.0;
34.94,11.61,5.27,0.0;11.47,5.48,0.0;11.67,5.47,0.0;11.74,5.47,0.0;12.03,5.46,0.0;12.0,5.07,0.0;11.75,5.08,0.0;11.59,5.0,0.0;11.42,4.91,0.0;11.17,5.48,0.0;11.41,5.61,0.0;11.47,5.48,0.0;
5.91,9.84,7.45,0.0;9.7,7.57,0.0;9.87,7.64,0.0;9.98,7.33,0.0;9.81,7.27,0.0;9.7,7.57,0.0;
13.98,11.85,5.92,0.0;11.63,6.08,0.0;12.08,6.08,0.0;12.05,5.75,0.0;11.63,5.76,0.0;11.63,5.93,0.0;11.63,6.08,0.0;
4.14,9.67,6.03,0.0;9.79,6.15,0.0;9.84,6.03,0.0;9.55,5.9,0.0;9.5,6.02,0.0;9.79,6.15,0.0;
8.75,10.88,5.03,0.0;11.01,5.22,0.0;11.1,5.02,0.0;10.75,4.84,0.0;10.66,5.04,0.0;11.01,5.22,0.0;
11.51,11.81,4.54,0.0;11.98,4.75,0.0;11.95,4.36,0.0;11.7,4.35,0.0;11.58,4.58,0.0;11.77,4.69,0.0;11.88,4.74,0.0;11.89,4.75,0.0;11.98,4.75,0.0;
33.1,10.42,5.31,0.0;10.74,5.72,0.0;10.91,5.42,0.0;10.06,4.89,0.0;9.95,5.07,0.0;10.04,5.14,0.0;9.98,5.24,0.0;10.74,5.72,0.0;
32.01,11.15,4.26,0.0;11.24,4.69,0.0;11.51,4.16,0.0;11.01,3.85,0.0;10.81,4.19,0.0;10.99,4.29,0.0;10.88,4.48,0.0;11.24,4.69,0.0;
5.63,9.95,5.73,0.0;9.98,5.9,0.0;10.1,5.66,0.0;9.91,5.57,0.0;9.79,5.81,0.0;9.98,5.9,0.0;
8.28,11.6,3.56,0.0;11.74,3.74,0.0;11.84,3.56,0.0;11.45,3.39,0.0;11.36,3.55,0.0;11.74,3.74,0.0;
20.75,9.09,6.92,0.0;8.64,7.01,0.0;9.52,7.08,0.0;9.54,6.84,0.0;8.66,6.77,0.0;8.64,7.01,0.0;
5.71,11.42,6.92,0.0;11.5,7.1,0.0;11.5,6.74,0.0;11.34,6.74,0.0;11.34,7.1,0.0;11.5,7.1,0.0;
8.56,11.25,7.47,0.0;11.34,7.68,0.0;11.36,7.4,0.0;11.37,7.27,0.0;11.16,7.26,0.0;11.15,7.39,0.0;11.14,7.67,0.0;11.34,7.68,0.0;
7.32,10.97,6.15,0.0;11.08,6.25,0.0;11.16,6.11,0.0;10.89,5.97,0.0;10.78,6.18,0.0;11.02,6.33,0.0;11.08,6.25,0.0;
3.05,11.46,7.34,0.0;11.53,7.44,0.0;11.54,7.24,0.0;11.39,7.23,0.0;11.38,7.44,0.0;11.53,7.44,0.0;
7.77,11.91,7.12,0.0;11.67,7.19,0.0;12.16,7.21,0.0;12.16,7.05,0.0;11.66,7.03,0.0;11.67,7.19,0.0;
11.65,11.21,6.88,0.0;11.34,7.1,0.0;11.34,6.74,0.0;11.34,6.66,0.0;11.08,6.66,0.0;11.08,7.1,0.0;11.34,7.1,0.0;
9.58,11.92,7.29,0.0;11.68,7.38,0.0;12.18,7.4,0.0;12.16,7.21,0.0;11.67,7.19,0.0;11.68,7.38,0.0;
9.58,11.93,7.48,0.0;11.68,7.56,0.0;12.19,7.59,0.0;12.18,7.4,0.0;11.68,7.38,0.0;11.68,7.56,0.0;
7.57,10.97,4.84,0.0;11.1,5.02,0.0;11.19,4.84,0.0;10.83,4.67,0.0;10.75,4.84,0.0;11.1,5.02,0.0;
20.11,11.89,6.74,0.0;11.66,6.93,0.0;12.15,6.96,0.0;12.13,6.77,0.0;12.12,6.54,0.0;11.64,6.52,0.0;11.65,6.75,0.0;11.66,6.93,0.0;
7.63,11.94,7.66,0.0;11.69,7.71,0.0;12.2,7.75,0.0;12.19,7.59,0.0;11.68,7.56,0.0;11.69,7.71,0.0;
9.13,10.47,6.0,0.0;10.56,6.19,0.0;10.69,5.96,0.0;10.38,5.8,0.0;10.26,6.03,0.0;10.56,6.19,0.0;
33.1,10.67,6.8,0.0;10.55,7.36,0.0;11.05,6.49,0.0;10.71,6.31,0.0;10.32,7.11,0.0;10.49,7.22,0.0;10.45,7.29,0.0;10.55,7.36,0.0;
9.35,10.31,7.44,0.0;10.11,7.6,0.0;10.43,7.62,0.0;10.45,7.29,0.0;10.45,7.27,0.0;10.29,7.2,0.0;10.11,7.6,0.0;
24.05,7.97,-7.79,0.0;7.89,-7.54,0.0;8.22,-7.54,0.0;8.23,-7.85,0.0;8.24,-8.02,0.0;7.69,-8.01,0.0;7.69,-7.68,0.0;7.89,-7.54,0.0;
16.75,6.19,-6.93,0.0;6.04,-6.74,0.0;6.31,-6.67,0.0;6.42,-7.11,0.0;6.06,-7.2,0.0;5.97,-6.82,0.0;5.95,-6.76,0.0;6.04,-6.74,0.0;
17.77,5.01,-7.84,0.0;5.15,-7.72,0.0;5.14,-8.03,0.0;5.17,-8.03,0.0;5.19,-8.15,0.0;4.84,-8.13,0.0;4.83,-8.07,0.0;4.93,-7.52,0.0;5.16,-7.48,0.0;5.15,-7.72,0.0;
10.76,7.58,-7.37,0.0;7.55,-7.13,0.0;7.7,-7.28,0.0;7.8,-7.39,0.0;7.7,-7.47,0.0;7.74,-7.51,0.0;7.63,-7.61,0.0;7.62,-7.6,0.0;7.35,-7.31,0.0;7.55,-7.13,0.0;
12.06,7.98,-7.38,0.0;7.94,-7.24,0.0;8.2,-7.25,0.0;8.19,-7.53,0.0;7.8,-7.53,0.0;7.8,-7.39,0.0;7.7,-7.28,0.0;7.77,-7.19,0.0;7.88,-7.3,0.0;7.94,-7.24,0.0;
5.39,6.01,-7.85,0.0;5.91,-7.72,0.0;6.09,-7.71,0.0;6.15,-7.92,0.0;5.91,-8.0,0.0;5.91,-7.72,0.0;
6.92,6.2,-8.08,0.0;6.0,-8.02,0.0;6.18,-8.03,0.0;6.22,-7.96,0.0;6.39,-7.96,0.0;6.33,-8.2,0.0;5.99,-8.17,0.0;6.0,-8.02,0.0;
6.61,7.37,-7.49,0.0;7.35,-7.31,0.0;7.62,-7.6,0.0;7.32,-7.6,0.0;7.3,-7.59,0.0;7.22,-7.54,0.0;7.17,-7.48,0.0;7.35,-7.31,0.0;
8.54,7.11,-7.68,0.0;7.11,-7.49,0.0;7.2,-7.57,0.0;7.22,-7.54,0.0;7.3,-7.59,0.0;7.28,-7.79,0.0;6.9,-7.8,0.0;6.96,-7.63,0.0;7.11,-7.49,0.0;
17.99,7.47,-7.89,0.0;7.62,-7.6,0.0;7.64,-8.19,0.0;7.32,-8.18,0.0;7.32,-7.86,0.0;7.32,-7.83,0.0;7.32,-7.7,0.0;7.32,-7.6,0.0;7.62,-7.6,0.0;
6.25,6.37,-7.55,0.0;6.19,-7.5,0.0;6.56,-7.41,0.0;6.5,-7.62,0.0;6.24,-7.69,0.0;6.19,-7.5,0.0;
8.95,5.65,-7.8,0.0;5.71,-7.43,0.0;5.71,-7.72,0.0;5.72,-8.14,0.0;5.58,-8.14,0.0;5.6,-7.43,0.0;5.71,-7.43,0.0;
7.35,5.81,-7.91,0.0;5.71,-7.72,0.0;5.91,-7.72,0.0;5.91,-8.0,0.0;5.91,-8.05,0.0;5.72,-8.14,0.0;5.71,-7.72,0.0;
9.61,5.52,-7.79,0.0;5.6,-7.43,0.0;5.58,-8.14,0.0;5.44,-8.14,0.0;5.47,-7.43,0.0;5.6,-7.43,0.0;
8.51,6.3,-7.79,0.0;6.24,-7.69,0.0;6.5,-7.62,0.0;6.41,-7.91,0.0;6.17,-7.96,0.0;6.1,-7.72,0.0;6.24,-7.69,0.0;
13.32,6.26,-7.36,0.0;5.97,-7.3,0.0;6.49,-7.18,0.0;6.54,-7.34,0.0;6.56,-7.41,0.0;6.19,-7.5,0.0;6.03,-7.54,0.0;6.01,-7.48,0.0;5.97,-7.3,0.0;
9.34,7.19,-8.01,0.0;7.06,-7.83,0.0;7.32,-7.83,0.0;7.32,-7.86,0.0;7.32,-8.18,0.0;7.05,-8.18,0.0;7.06,-7.83,0.0;
8.19,6.93,-8.02,0.0;6.87,-7.84,0.0;7.06,-7.83,0.0;7.05,-8.18,0.0;6.78,-8.18,0.0;6.79,-8.07,0.0;6.87,-7.84,0.0;
113.85,10.93,-2.77,0.0;10.98,-2.19,0.0;11.44,-2.32,0.0;11.38,-3.41,0.0;11.23,-3.4,0.0;11.22,-3.45,0.0;10.88,-3.43,0.0;10.88,-3.36,0.0;10.73,-3.35,0.0;10.39,-3.05,0.0;10.45,-2.28,0.0;10.64,-2.3,0.0;10.66,-2.06,0.0;10.98,-2.08,0.0;10.98,-2.19,0.0;
14.54,7.51,-5.15,0.0;7.72,-4.98,0.0;7.67,-5.32,0.0;7.66,-5.38,0.0;7.32,-5.33,0.0;7.3,-5.32,0.0;7.38,-4.92,0.0;7.65,-4.97,0.0;7.72,-4.98,0.0;
15.56,9.53,-2.96,0.0;9.67,-2.79,0.0;9.84,-2.94,0.0;9.58,-3.23,0.0;9.38,-3.05,0.0;9.16,-2.83,0.0;9.23,-2.76,0.0;9.33,-2.85,0.0;9.39,-2.79,0.0;9.45,-2.86,0.0;9.54,-2.77,0.0;9.59,-2.82,0.0;9.62,-2.85,0.0;9.67,-2.79,0.0;
10.96,10.05,-2.44,0.0;10.08,-2.28,0.0;10.28,-2.46,0.0;10.09,-2.68,0.0;9.89,-2.5,0.0;9.81,-2.43,0.0;10.0,-2.21,0.0;10.08,-2.28,0.0;
9.12,6.7,-6.1,0.0;6.78,-5.92,0.0;6.87,-6.23,0.0;6.62,-6.3,0.0;6.57,-6.15,0.0;6.52,-5.97,0.0;6.78,-5.91,0.0;6.78,-5.92,0.0;
4.94,8.32,-4.22,0.0;8.43,-4.1,0.0;8.48,-4.27,0.0;8.22,-4.35,0.0;8.21,-4.34,0.0;8.17,-4.18,0.0;8.43,-4.09,0.0;8.43,-4.1,0.0;
7.66,9.3,-5.11,0.0;9.4,-4.91,0.0;9.51,-5.05,0.0;9.25,-5.32,0.0;9.13,-5.18,0.0;9.09,-5.14,0.0;9.4,-4.91,0.0;
6.85,9.48,-4.42,0.0;9.43,-4.22,0.0;9.67,-4.5,0.0;9.52,-4.62,0.0;9.29,-4.34,0.0;9.43,-4.22,0.0;
6.49,9.17,-4.68,0.0;9.12,-4.48,0.0;9.35,-4.75,0.0;9.2,-4.87,0.0;9.06,-4.69,0.0;8.99,-4.6,0.0;9.12,-4.48,0.0;
5.94,10.2,-4.67,0.0;10.25,-4.49,0.0;10.38,-4.65,0.0;10.15,-4.84,0.0;10.03,-4.69,0.0;10.25,-4.49,0.0;
7.57,8.7,-5.29,0.0;8.79,-5.08,0.0;8.91,-5.22,0.0;8.61,-5.49,0.0;8.48,-5.36,0.0;8.79,-5.08,0.0;
5.93,8.24,-5.7,0.0;8.3,-5.52,0.0;8.42,-5.65,0.0;8.34,-5.73,0.0;8.18,-5.88,0.0;8.06,-5.75,0.0;8.3,-5.52,0.0;
6.45,7.56,-6.18,0.0;7.58,-6.0,0.0;7.64,-6.09,0.0;7.74,-6.22,0.0;7.54,-6.35,0.0;7.38,-6.15,0.0;7.58,-6.0,0.0;
7.63,7.82,-5.59,0.0;7.95,-5.37,0.0;8.05,-5.49,0.0;7.69,-5.81,0.0;7.58,-5.69,0.0;7.95,-5.37,0.0;
8.14,8.06,-6.25,0.0;8.04,-6.04,0.0;8.23,-6.25,0.0;8.21,-6.35,0.0;8.08,-6.47,0.0;7.86,-6.21,0.0;8.04,-6.04,0.0;
4.5,8.41,-5.46,0.0;8.38,-5.3,0.0;8.56,-5.5,0.0;8.44,-5.62,0.0;8.26,-5.41,0.0;8.38,-5.3,0.0;
5.01,8.17,-5.31,0.0;8.23,-5.15,0.0;8.33,-5.28,0.0;8.11,-5.47,0.0;8.0,-5.34,0.0;8.23,-5.15,0.0;
4.41,9.77,-5.14,0.0;9.74,-4.99,0.0;9.92,-5.17,0.0;9.79,-5.29,0.0;9.62,-5.11,0.0;9.74,-4.99,0.0;
5.35,9.87,-4.71,0.0;9.86,-4.54,0.0;10.03,-4.76,0.0;9.88,-4.88,0.0;9.72,-4.67,0.0;9.79,-4.61,0.0;9.86,-4.54,0.0;
6.32,10.31,-4.83,0.0;10.38,-4.65,0.0;10.5,-4.8,0.0;10.24,-5.01,0.0;10.16,-4.91,0.0;10.12,-4.86,0.0;10.15,-4.84,0.0;10.38,-4.65,0.0;
7.68,9.32,-4.55,0.0;9.29,-4.34,0.0;9.52,-4.62,0.0;9.35,-4.75,0.0;9.12,-4.48,0.0;9.29,-4.34,0.0;
7.32,9.01,-4.88,0.0;9.06,-4.69,0.0;9.2,-4.87,0.0;8.96,-5.06,0.0;8.9,-5.01,0.0;8.82,-4.88,0.0;9.06,-4.69,0.0;
6.52,8.87,-4.69,0.0;8.99,-4.6,0.0;9.06,-4.69,0.0;8.82,-4.88,0.0;8.7,-4.68,0.0;8.92,-4.51,0.0;8.99,-4.6,0.0;
4.77,10.11,-5.11,0.0;10.18,-4.98,0.0;10.28,-5.1,0.0;10.07,-5.26,0.0;9.98,-5.15,0.0;9.95,-5.13,0.0;10.16,-4.96,0.0;10.18,-4.98,0.0;
8.28,8.55,-5.12,0.0;8.64,-4.9,0.0;8.77,-5.05,0.0;8.45,-5.33,0.0;8.32,-5.19,0.0;8.64,-4.9,0.0;
7.18,7.83,-6.06,0.0;7.91,-5.9,0.0;8.03,-6.03,0.0;7.83,-6.21,0.0;7.78,-6.26,0.0;7.74,-6.22,0.0;7.64,-6.09,0.0;7.84,-5.91,0.0;7.91,-5.9,0.0;
7.69,9.43,-8.07,0.0;9.42,-7.87,0.0;9.65,-8.22,0.0;9.38,-8.21,0.0;9.24,-7.99,0.0;9.42,-7.87,0.0;
24.02,10.25,-6.39,0.0;10.18,-6.03,0.0;10.61,-6.49,0.0;10.55,-6.54,0.0;10.32,-6.75,0.0;10.2,-6.62,0.0;9.9,-6.28,0.0;10.13,-6.07,0.0;10.18,-6.03,0.0;
4.12,9.06,-4.27,0.0;9.0,-4.11,0.0;9.22,-4.34,0.0;9.12,-4.42,0.0;8.9,-4.2,0.0;9.0,-4.11,0.0;
13.63,7.91,-7.04,0.0;7.92,-6.8,0.0;8.2,-7.07,0.0;8.04,-7.23,0.0;7.97,-7.16,0.0;7.85,-7.21,0.0;7.78,-7.15,0.0;7.74,-7.2,0.0;7.61,-7.08,0.0;7.92,-6.8,0.0;
19.54,7.15,-6.43,0.0;7.17,-6.11,0.0;7.47,-6.45,0.0;7.14,-6.74,0.0;6.84,-6.4,0.0;7.17,-6.11,0.0;
5.41,9.11,-3.74,0.0;9.0,-3.64,0.0;9.08,-3.56,0.0;9.28,-3.79,0.0;9.14,-3.91,0.0;8.95,-3.69,0.0;9.0,-3.64,0.0;
13.05,11.0,-4.98,0.0;10.99,-4.72,0.0;11.26,-5.03,0.0;11.0,-5.23,0.0;10.74,-4.92,0.0;10.99,-4.72,0.0;
7.0,10.93,-5.89,0.0;10.7,-5.81,0.0;11.17,-5.82,0.0;11.16,-5.94,0.0;11.16,-5.97,0.0;10.69,-5.96,0.0;10.69,-5.91,0.0;10.7,-5.81,0.0;
11.39,10.68,-3.87,0.0;10.66,-3.64,0.0;10.91,-3.75,0.0;10.73,-4.1,0.0;10.43,-3.96,0.0;10.66,-3.64,0.0;
14.14,9.94,-3.35,0.0;10.15,-3.2,0.0;10.2,-3.24,0.0;10.03,-3.42,0.0;10.08,-3.46,0.0;9.92,-3.64,0.0;9.83,-3.56,0.0;9.68,-3.43,0.0;10.0,-3.07,0.0;10.15,-3.2,0.0;
16.9,11.07,-4.15,0.0;10.91,-3.97,0.0;11.33,-3.96,0.0;11.3,-4.31,0.0;10.85,-4.31,0.0;10.79,-4.32,0.0;10.8,-4.13,0.0;10.91,-3.97,0.0;
7.49,7.38,-5.95,0.0;7.37,-5.76,0.0;7.54,-5.95,0.0;7.58,-6.0,0.0;7.38,-6.15,0.0;7.2,-5.91,0.0;7.37,-5.76,0.0;
16.76,8.89,-5.48,0.0;9.13,-5.18,0.0;9.25,-5.32,0.0;9.19,-5.37,0.0;9.08,-5.46,0.0;8.91,-5.63,0.0;8.75,-5.79,0.0;8.55,-5.59,0.0;8.72,-5.43,0.0;8.9,-5.28,0.0;8.96,-5.34,0.0;9.13,-5.18,0.0;
5.52,9.96,-7.72,0.0;9.9,-7.53,0.0;10.12,-7.79,0.0;10.07,-7.83,0.0;10.1,-7.86,0.0;10.03,-7.92,0.0;9.79,-7.64,0.0;9.9,-7.53,0.0;
8.91,10.0,-3.92,0.0;9.9,-3.69,0.0;10.18,-3.97,0.0;10.23,-4.02,0.0;10.1,-4.16,0.0;9.85,-3.88,0.0;9.77,-3.79,0.0;9.87,-3.66,0.0;9.9,-3.69,0.0;
6.26,10.81,-4.75,0.0;10.87,-4.57,0.0;10.99,-4.72,0.0;10.74,-4.92,0.0;10.72,-4.89,0.0;10.62,-4.76,0.0;10.87,-4.57,0.0;
6.3,9.17,-6.47,0.0;9.09,-6.28,0.0;9.36,-6.54,0.0;9.23,-6.65,0.0;8.98,-6.39,0.0;9.09,-6.28,0.0;
7.39,10.94,-5.74,0.0;10.71,-5.66,0.0;11.18,-5.66,0.0;11.17,-5.78,0.0;11.17,-5.82,0.0;10.7,-5.81,0.0;10.7,-5.75,0.0;10.71,-5.66,0.0;
6.23,7.78,-5.16,0.0;7.9,-5.01,0.0;7.84,-5.35,0.0;7.67,-5.32,0.0;7.72,-4.98,0.0;7.9,-5.01,0.0;
16.13,9.79,-8.01,0.0;9.5,-7.91,0.0;9.75,-7.72,0.0;10.14,-8.22,0.0;9.73,-8.21,0.0;9.5,-7.91,0.0;
16.92,10.1,-5.48,0.0;9.98,-5.15,0.0;10.07,-5.26,0.0;10.4,-5.61,0.0;10.19,-5.8,0.0;9.89,-5.46,0.0;9.91,-5.43,0.0;9.79,-5.31,0.0;9.98,-5.15,0.0;
6.0,10.94,-6.06,0.0;10.69,-5.98,0.0;11.14,-6.0,0.0;11.13,-6.16,0.0;10.84,-6.15,0.0;10.85,-6.06,0.0;10.68,-6.05,0.0;10.69,-5.98,0.0;
9.32,7.85,-6.43,0.0;7.83,-6.21,0.0;8.06,-6.47,0.0;7.86,-6.65,0.0;7.63,-6.39,0.0;7.74,-6.29,0.0;7.78,-6.26,0.0;7.83,-6.21,0.0;
15.19,7.51,-6.69,0.0;7.6,-6.41,0.0;7.8,-6.64,0.0;7.75,-6.69,0.0;7.43,-6.97,0.0;7.22,-6.74,0.0;7.55,-6.46,0.0;7.6,-6.41,0.0;
7.9,10.87,-6.52,0.0;10.57,-6.42,0.0;11.1,-6.45,0.0;11.09,-6.62,0.0;10.7,-6.6,0.0;10.57,-6.42,0.0;
13.6,8.65,-6.8,0.0;8.73,-6.51,0.0;8.86,-6.86,0.0;8.65,-7.08,0.0;8.39,-6.8,0.0;8.73,-6.51,0.0;
4.5,9.57,-7.57,0.0;9.55,-7.41,0.0;9.72,-7.6,0.0;9.6,-7.72,0.0;9.42,-7.53,0.0;9.55,-7.41,0.0;
4.55,9.39,-7.38,0.0;9.37,-7.23,0.0;9.55,-7.41,0.0;9.42,-7.53,0.0;9.24,-7.34,0.0;9.37,-7.23,0.0;
9.6,9.34,-6.26,0.0;9.31,-6.04,0.0;9.36,-6.09,0.0;9.56,-6.3,0.0;9.37,-6.48,0.0;9.12,-6.24,0.0;9.18,-6.18,0.0;9.19,-6.16,0.0;9.31,-6.04,0.0;
5.56,8.84,-3.98,0.0;8.81,-3.81,0.0;9.01,-4.03,0.0;8.86,-4.15,0.0;8.67,-3.94,0.0;8.81,-3.81,0.0;
5.94,9.92,-4.07,0.0;9.85,-3.88,0.0;10.1,-4.16,0.0;9.98,-4.26,0.0;9.73,-3.98,0.0;9.76,-3.96,0.0;9.85,-3.88,0.0;
7.25,9.04,-6.61,0.0;8.98,-6.39,0.0;9.23,-6.65,0.0;9.03,-6.83,0.0;8.88,-6.5,0.0;8.98,-6.39,0.0;
6.64,8.54,-6.43,0.0;8.54,-6.23,0.0;8.71,-6.47,0.0;8.56,-6.62,0.0;8.36,-6.41,0.0;8.54,-6.23,0.0;
7.83,8.99,-6.24,0.0;9.04,-6.02,0.0;9.19,-6.16,0.0;9.18,-6.18,0.0;9.12,-6.24,0.0;9.09,-6.28,0.0;8.98,-6.39,0.0;8.88,-6.5,0.0;8.84,-6.38,0.0;8.9,-6.31,0.0;8.83,-6.24,0.0;8.86,-6.2,0.0;9.0,-6.06,0.0;9.04,-6.02,0.0;
6.75,8.37,-5.92,0.0;8.34,-5.73,0.0;8.55,-5.96,0.0;8.41,-6.11,0.0;8.18,-5.88,0.0;8.34,-5.73,0.0;
4.89,7.52,-5.79,0.0;7.37,-5.76,0.0;7.51,-5.63,0.0;7.68,-5.83,0.0;7.54,-5.95,0.0;7.37,-5.76,0.0;
7.01,9.11,-5.78,0.0;9.13,-5.59,0.0;9.29,-5.76,0.0;9.09,-5.97,0.0;9.01,-5.89,0.0;8.92,-5.81,0.0;9.13,-5.59,0.0;
11.23,8.98,-7.33,0.0;8.96,-7.08,0.0;9.07,-7.2,0.0;9.21,-7.37,0.0;8.98,-7.58,0.0;8.83,-7.43,0.0;8.82,-7.21,0.0;8.96,-7.08,0.0;
4.93,10.69,-4.61,0.0;10.77,-4.45,0.0;10.87,-4.57,0.0;10.62,-4.76,0.0;10.52,-4.64,0.0;10.68,-4.52,0.0;10.77,-4.45,0.0;
6.22,8.57,-5.76,0.0;8.55,-5.59,0.0;8.75,-5.79,0.0;8.59,-5.94,0.0;8.47,-5.82,0.0;8.39,-5.73,0.0;8.55,-5.59,0.0;
4.28,8.34,-4.6,0.0;8.46,-4.5,0.0;8.5,-4.59,0.0;8.44,-4.62,0.0;8.46,-4.65,0.0;8.26,-4.73,0.0;8.19,-4.57,0.0;8.4,-4.5,0.0;8.41,-4.52,0.0;8.46,-4.5,0.0;
6.81,8.56,-7.47,0.0;8.65,-7.3,0.0;8.68,-7.61,0.0;8.47,-7.64,0.0;8.46,-7.59,0.0;8.43,-7.32,0.0;8.65,-7.3,0.0;
5.61,10.36,-4.19,0.0;10.4,-4.02,0.0;10.54,-4.18,0.0;10.3,-4.36,0.0;10.2,-4.24,0.0;10.4,-4.02,0.0;
9.69,8.41,-7.06,0.0;8.37,-6.84,0.0;8.64,-7.13,0.0;8.5,-7.26,0.0;8.42,-7.19,0.0;8.38,-7.23,0.0;8.18,-7.02,0.0;8.37,-6.84,0.0;
9.97,9.82,-6.92,0.0;9.84,-6.7,0.0;10.04,-6.93,0.0;10.03,-6.94,0.0;9.87,-7.09,0.0;9.81,-7.15,0.0;9.6,-6.91,0.0;9.66,-6.86,0.0;9.75,-6.77,0.0;9.84,-6.7,0.0;
6.63,10.07,-4.51,0.0;10.12,-4.32,0.0;10.25,-4.49,0.0;10.03,-4.69,0.0;9.89,-4.52,0.0;10.12,-4.32,0.0;
5.73,10.58,-4.48,0.0;10.69,-4.37,0.0;10.77,-4.45,0.0;10.68,-4.52,0.0;10.52,-4.64,0.0;10.45,-4.56,0.0;10.4,-4.5,0.0;10.64,-4.31,0.0;10.69,-4.37,0.0;
8.43,9.65,-3.6,0.0;9.57,-3.38,0.0;9.87,-3.66,0.0;9.77,-3.79,0.0;9.75,-3.81,0.0;9.49,-3.6,0.0;9.43,-3.54,0.0;9.57,-3.38,0.0;
5.76,8.75,-4.5,0.0;8.8,-4.34,0.0;8.92,-4.51,0.0;8.7,-4.68,0.0;8.59,-4.49,0.0;8.8,-4.34,0.0;
8.25,11.11,-4.56,0.0;10.84,-4.45,0.0;11.3,-4.46,0.0;11.29,-4.56,0.0;11.28,-4.69,0.0;11.03,-4.68,0.0;10.84,-4.45,0.0;
4.28,8.86,-6.05,0.0;8.85,-5.9,0.0;9.0,-6.06,0.0;8.86,-6.2,0.0;8.72,-6.04,0.0;8.85,-5.9,0.0;
15.78,8.25,-6.69,0.0;8.35,-6.41,0.0;8.55,-6.63,0.0;8.15,-6.97,0.0;7.95,-6.76,0.0;8.35,-6.41,0.0;
4.06,8.13,-4.78,0.0;8.22,-4.68,0.0;8.22,-4.79,0.0;8.21,-4.91,0.0;8.03,-4.88,0.0;8.04,-4.77,0.0;8.06,-4.65,0.0;8.22,-4.68,0.0;
12.41,8.36,-4.9,0.0;8.49,-4.66,0.0;8.66,-4.85,0.0;8.44,-5.05,0.0;8.39,-4.99,0.0;8.32,-4.99,0.0;8.31,-5.08,0.0;8.09,-5.07,0.0;8.09,-4.99,0.0;8.01,-4.98,0.0;8.03,-4.88,0.0;8.21,-4.91,0.0;8.33,-4.92,0.0;8.27,-4.85,0.0;8.49,-4.66,0.0;
12.1,10.34,-5.36,0.0;10.07,-5.26,0.0;10.28,-5.1,0.0;10.6,-5.49,0.0;10.4,-5.61,0.0;10.07,-5.26,0.0;
8.05,9.16,-7.15,0.0;9.21,-7.05,0.0;9.37,-7.23,0.0;9.24,-7.34,0.0;9.21,-7.37,0.0;9.07,-7.2,0.0;8.96,-7.08,0.0;9.11,-6.94,0.0;9.21,-7.05,0.0;
4.22,8.96,-4.36,0.0;8.9,-4.2,0.0;9.12,-4.42,0.0;9.02,-4.52,0.0;8.81,-4.29,0.0;8.9,-4.2,0.0;
11.18,9.4,-6.94,0.0;9.38,-6.7,0.0;9.64,-6.99,0.0;9.42,-7.18,0.0;9.16,-6.89,0.0;9.38,-6.7,0.0;
5.49,10.17,-8.07,0.0;10.0,-7.98,0.0;10.14,-7.89,0.0;10.36,-8.22,0.0;10.17,-8.22,0.0;10.0,-7.98,0.0;
4.82,10.05,-7.58,0.0;9.9,-7.53,0.0;10.08,-7.38,0.0;10.16,-7.75,0.0;10.12,-7.79,0.0;9.9,-7.53,0.0;
6.41,9.61,-7.17,0.0;9.64,-6.99,0.0;9.79,-7.16,0.0;9.59,-7.35,0.0;9.42,-7.18,0.0;9.64,-6.99,0.0;
8.22,9.22,-5.96,0.0;9.29,-5.76,0.0;9.44,-5.91,0.0;9.43,-5.92,0.0;9.31,-6.04,0.0;9.19,-6.16,0.0;9.04,-6.02,0.0;8.97,-5.93,0.0;9.01,-5.89,0.0;9.09,-5.97,0.0;9.29,-5.76,0.0;
6.8,8.68,-4.14,0.0;8.67,-3.94,0.0;8.86,-4.15,0.0;8.63,-4.36,0.0;8.54,-4.05,0.0;8.67,-3.94,0.0;
5.88,7.97,-5.13,0.0;8.09,-4.99,0.0;8.09,-5.07,0.0;8.06,-5.21,0.0;7.84,-5.35,0.0;7.9,-5.01,0.0;7.92,-4.97,0.0;8.01,-4.98,0.0;8.09,-4.99,0.0;
7.01,9.65,-6.67,0.0;9.64,-6.48,0.0;9.84,-6.7,0.0;9.75,-6.77,0.0;9.66,-6.86,0.0;9.46,-6.64,0.0;9.64,-6.48,0.0;
4.89,10.84,-7.26,0.0;10.65,-7.19,0.0;11.05,-7.21,0.0;11.04,-7.33,0.0;10.64,-7.31,0.0;10.65,-7.19,0.0;
6.83,9.19,-4.15,0.0;9.17,-3.96,0.0;9.37,-4.2,0.0;9.22,-4.34,0.0;9.0,-4.11,0.0;9.17,-3.96,0.0;
4.41,10.01,-4.9,0.0;10.03,-4.76,0.0;10.12,-4.86,0.0;10.16,-4.91,0.0;9.98,-5.05,0.0;9.87,-4.9,0.0;9.88,-4.88,0.0;10.03,-4.76,0.0;
14.75,10.1,-6.9,0.0;10.04,-6.52,0.0;10.37,-6.87,0.0;9.93,-7.29,0.0;9.83,-7.19,0.0;10.15,-6.88,0.0;9.91,-6.64,0.0;10.04,-6.52,0.0;
5.22,10.83,-7.41,0.0;10.63,-7.34,0.0;11.05,-7.36,0.0;11.04,-7.48,0.0;10.62,-7.46,0.0;10.63,-7.34,0.0;
11.29,10.87,-6.31,0.0;10.59,-6.18,0.0;11.14,-6.22,0.0;11.12,-6.44,0.0;10.69,-6.4,0.0;10.69,-6.37,0.0;10.58,-6.36,0.0;10.59,-6.18,0.0;
5.1,10.31,-8.04,0.0;10.24,-7.82,0.0;10.27,-7.88,0.0;10.5,-8.22,0.0;10.36,-8.22,0.0;10.14,-7.89,0.0;10.24,-7.82,0.0;
13.95,10.27,-3.56,0.0;10.26,-3.3,0.0;10.54,-3.56,0.0;10.29,-3.82,0.0;10.01,-3.56,0.0;10.26,-3.3,0.0;
7.49,11.13,-3.84,0.0;11.0,-3.78,0.0;11.35,-3.71,0.0;11.33,-3.92,0.0;10.9,-3.94,0.0;10.92,-3.77,0.0;11.0,-3.78,0.0;
4.27,9.5,-3.87,0.0;9.41,-3.71,0.0;9.66,-3.92,0.0;9.58,-4.02,0.0;9.33,-3.82,0.0;9.41,-3.71,0.0;
4.71,9.58,-3.76,0.0;9.49,-3.6,0.0;9.75,-3.81,0.0;9.66,-3.92,0.0;9.41,-3.71,0.0;9.49,-3.6,0.0;
11.64,9.73,-4.22,0.0;9.73,-3.98,0.0;9.98,-4.26,0.0;9.88,-4.35,0.0;9.79,-4.41,0.0;9.74,-4.45,0.0;9.48,-4.2,0.0;9.57,-4.12,0.0;9.64,-4.06,0.0;9.73,-3.98,0.0;
6.16,10.09,-3.77,0.0;10.0,-3.58,0.0;10.29,-3.86,0.0;10.18,-3.97,0.0;9.9,-3.69,0.0;10.0,-3.58,0.0;
5.23,9.41,-3.99,0.0;9.33,-3.82,0.0;9.58,-4.02,0.0;9.46,-4.16,0.0;9.25,-3.98,0.0;9.32,-3.9,0.0;9.29,-3.87,0.0;9.33,-3.82,0.0;
11.66,10.89,-6.79,0.0;10.69,-6.63,0.0;11.11,-6.67,0.0;11.08,-6.95,0.0;10.67,-6.91,0.0;10.69,-6.63,0.0;
15.04,10.79,-7.86,0.0;10.78,-7.57,0.0;10.99,-7.89,0.0;10.99,-8.04,0.0;10.82,-8.17,0.0;10.52,-7.74,0.0;10.78,-7.57,0.0;
5.53,10.62,-7.97,0.0;10.51,-7.71,0.0;10.52,-7.74,0.0;10.82,-8.17,0.0;10.75,-8.22,0.0;10.73,-8.22,0.0;10.43,-7.77,0.0;10.51,-7.71,0.0;
26.44,11.18,-1.41,0.0;11.08,-1.18,0.0;11.49,-1.2,0.0;11.46,-1.66,0.0;10.86,-1.59,0.0;10.87,-1.41,0.0;10.88,-1.35,0.0;10.89,-1.2,0.0;10.89,-1.17,0.0;11.08,-1.18,0.0;
31.65,11.15,-1.9,0.0;10.78,-1.64,0.0;11.48,-1.7,0.0;11.44,-2.28,0.0;11.02,-2.1,0.0;11.02,-2.01,0.0;10.76,-1.99,0.0;10.78,-1.64,0.0;
4.84,-7.75,-1.22,0.0;-7.76,-1.05,0.0;-7.61,-1.12,0.0;-7.73,-1.38,0.0;-7.89,-1.32,0.0;-7.76,-1.05,0.0;
5.42,-7.9,-1.15,0.0;-7.92,-0.97,0.0;-7.76,-1.05,0.0;-7.89,-1.32,0.0;-8.05,-1.26,0.0;-7.92,-0.97,0.0;
