0,8.55,3.14,0.0;0,8.51,5.11,0.0;0,7.03,5.05,0.0;0,7.11,3.11,0.0;0,8.55,3.14,0.0;
1,-6.1,-0.14,0.0;1,-6.91,0.76,0.0;1,-8.05,0.29,0.0;1,-7.16,-0.18,0.0;1,-6.35,-0.22,0.0;1,-6.1,-0.14,0.0;
2,-1.92,0.39,0.0;2,-2.24,-1.36,0.0;2,-2.79,-1.06,0.0;2,-3.18,-0.71,0.0;2,-3.61,-0.06,0.0;2,-3.36,0.15,0.0;2,-2.75,0.36,0.0;2,-1.92,0.39,0.0;
3,-7.95,-2.05,0.0;3,-8.25,-1.86,0.0;3,-8.04,-1.5,0.0;3,-8.22,-1.4,0.0;3,-8.68,-2.24,0.0;3,-8.21,-2.5,0.0;3,-7.95,-2.05,0.0;
4,-10.04,-3.8,0.0;4,-9.82,-3.44,0.0;4,-10.38,-3.31,0.0;4,-10.44,-3.58,0.0;4,-10.04,-3.8,0.0;
5,-10.29,-5.82,0.0;5,-10.18,-5.43,0.0;5,-10.52,-5.28,0.0;5,-10.31,-4.8,0.0;5,-9.94,-4.96,0.0;5,-9.86,-4.8,0.0;5,-9.56,-4.93,0.0;5,-9.49,-5.18,0.0;5,-9.74,-5.97,0.0;5,-10.29,-5.82,0.0;
6,-4.87,-7.1,0.0;6,-5.33,-7.1,0.0;6,-5.35,-7.89,0.0;6,-4.9,-7.91,0.0;6,-4.87,-7.1,0.0;
7,-5.74,-2.01,0.0;7,-6.67,-2.89,0.0;7,-6.8,-3.24,0.0;7,-4.9,-3.91,0.0;7,-4.93,-4.0,0.0;7,-4.48,-4.21,0.0;7,-4.35,-3.74,0.0;7,-4.18,-3.78,0.0;7,-4.06,-3.31,0.0;7,-4.3,-3.18,0.0;7,-4.33,-3.06,0.0;7,-5.04,-2.76,0.0;7,-5.74,-2.01,0.0;
8,2.71,-0.79,0.0;8,2.39,-0.62,0.0;8,2.24,-0.94,0.0;8,2.58,-1.08,0.0;8,2.71,-0.79,0.0;
9,0.41,-4.44,0.0;9,0.51,-4.13,0.0;9,0.19,-4.03,0.0;9,0.07,-4.32,0.0;9,0.41,-4.44,0.0;
10,2.03,-4.02,0.0;10,1.21,-3.87,0.0;10,1.07,-4.33,0.0;10,0.16,-6.21,0.0;10,-0.33,-8.12,0.0;10,3.57,-8.27,0.0;10,3.84,-6.54,0.0;10,3.86,-5.98,0.0;10,3.53,-5.22,0.0;10,3.66,-4.8,0.0;10,1.95,-4.34,0.0;10,2.03,-4.02,0.0;
11,8.09,-4.3,0.0;11,8.04,-3.95,0.0;11,7.88,-3.47,0.0;11,7.51,-3.41,0.0;11,7.41,-4.2,0.0;11,8.09,-4.3,0.0;
12,7.66,-5.43,0.0;12,6.76,-5.24,0.0;12,6.18,-5.32,0.0;12,6.57,-6.6,0.0;12,7.19,-6.02,0.0;12,7.12,-5.9,0.0;12,7.66,-5.43,0.0;
