286.71,7.8,4.11,1.0;8.55,3.14,1.0;8.51,5.11,1.0;7.03,5.05,1.0;7.11,3.11,1.0;8.55,3.14,1.0;
100.99,-7.02,0.2,1.0;-6.1,-0.14,1.0;-6.91,0.76,1.0;-8.05,0.29,1.0;-7.16,-0.18,1.0;-6.35,-0.22,1.0;-6.1,-0.14,1.0;
180.62,-2.66,-0.33,1.0;-1.92,0.39,1.0;-2.24,-1.36,1.0;-2.79,-1.06,1.0;-3.18,-0.71,1.0;-3.61,-0.06,1.0;-3.36,0.15,1.0;-2.75,0.36,1.0;-1.92,0.39,1.0;
37.75,-8.3,-2.02,1.0;-7.95,-2.05,1.0;-8.25,-1.86,1.0;-8.04,-1.5,1.0;-8.22,-1.4,1.0;-8.68,-2.24,1.0;-8.21,-2.5,1.0;-7.95,-2.05,1.0;
17.57,-10.15,-3.54,1.0;-10.04,-3.8,1.0;-9.82,-3.44,1.0;-10.38,-3.31,1.0;-10.44,-3.58,1.0;-10.04,-3.8,1.0;
77.2,-9.96,-5.33,1.0;-10.29,-5.82,1.0;-10.18,-5.43,1.0;-10.52,-5.28,1.0;-10.31,-4.8,1.0;-9.94,-4.96,1.0;-9.86,-4.8,1.0;-9.56,-4.93,1.0;-9.49,-5.18,1.0;-9.74,-5.97,1.0;-10.29,-5.82,1.0;
36.44,-5.11,-7.5,1.0;-4.87,-7.1,1.0;-5.33,-7.1,1.0;-5.35,-7.89,1.0;-4.9,-7.91,1.0;-4.87,-7.1,1.0;
281.54,-5.4,-3.15,1.0;-5.74,-2.01,1.0;-6.67,-2.89,1.0;-6.8,-3.24,1.0;-4.9,-3.91,1.0;-4.93,-4.0,1.0;-4.48,-4.21,1.0;-4.35,-3.74,1.0;-4.18,-3.78,1.0;-4.06,-3.31,1.0;-4.3,-3.18,1.0;-4.33,-3.06,1.0;-5.04,-2.76,1.0;-5.74,-2.01,1.0;
12.27,2.48,-0.86,1.0;2.71,-0.79,1.0;2.39,-0.62,1.0;2.24,-0.94,1.0;2.58,-1.08,1.0;2.71,-0.79,1.0;
11.08,0.3,-4.23,1.0;0.41,-4.44,1.0;0.51,-4.13,1.0;0.19,-4.03,1.0;0.07,-4.32,1.0;0.41,-4.44,1.0;
1326.27,1.93,-6.4,1.0;2.03,-4.02,1.0;1.21,-3.87,1.0;1.07,-4.33,1.0;0.16,-6.21,1.0;-0.33,-8.12,1.0;3.57,-8.27,1.0;3.84,-6.54,1.0;3.86,-5.98,1.0;3.53,-5.22,1.0;3.66,-4.8,1.0;1.95,-4.34,1.0;2.03,-4.02,1.0;
43.36,7.73,-3.89,1.0;8.09,-4.3,1.0;8.04,-3.95,1.0;7.88,-3.47,1.0;7.51,-3.41,1.0;7.41,-4.2,1.0;8.09,-4.3,1.0;
100.88,6.8,-5.75,1.0;7.66,-5.43,1.0;6.76,-5.24,1.0;6.18,-5.32,1.0;6.57,-6.6,1.0;7.19,-6.02,1.0;7.12,-5.9,1.0;7.66,-5.43,1.0;
1616.99,6.95,-3.88,0.0;8.82,-5.87,0.0;7.0,-7.48,0.0;6.74,-7.53,0.0;6.14,-5.2,0.0;5.42,-4.61,0.0;5.29,-4.35,0.0;5.38,-3.37,0.0;4.99,-1.97,0.0;4.33,-1.13,0.0;4.83,-0.96,0.0;5.85,-1.55,0.0;6.55,-1.36,0.0;8.18,-1.81,0.0;9.01,-2.57,0.0;8.02,-5.05,0.0;8.82,-5.29,0.0;8.82,-5.87,0.0;
290.38,-3.05,-3.89,0.0;-2.35,-2.4,0.0;-3.17,-2.14,0.0;-3.78,-5.31,0.0;-2.88,-5.61,0.0;-2.35,-2.4,0.0;
1010.05,-4.96,-3.32,0.0;-3.17,-2.14,0.0;-4.99,-1.25,0.0;-6.65,-2.86,0.0;-7.14,-4.16,0.0;-6.27,-4.54,0.0;-3.78,-5.31,0.0;-3.17,-2.14,0.0;
493.92,-3.15,-0.95,0.0;-2.35,-2.4,0.0;-1.92,0.39,0.0;-2.75,0.36,0.0;-3.36,0.15,0.0;-4.99,-1.25,0.0;-3.17,-2.14,0.0;-2.35,-2.4,0.0;
1113.13,-0.38,-1.18,0.0;2.05,0.21,0.0;1.26,-1.15,0.0;0.38,-3.31,0.0;-2.35,-2.4,0.0;-1.92,0.39,0.0;1.54,0.36,0.0;2.05,0.21,0.0;
444.07,1.67,-2.58,0.0;1.26,-1.15,0.0;0.38,-3.31,0.0;1.04,-3.56,0.0;1.21,-3.87,0.0;2.03,-4.02,0.0;2.29,-3.48,0.0;2.94,-1.68,0.0;1.26,-1.15,0.0;
229.56,2.37,-0.78,0.0;3.35,-0.45,0.0;2.05,0.21,0.0;1.26,-1.15,0.0;2.94,-1.68,0.0;3.35,-0.45,0.0;
830.04,4.05,-2.91,0.0;5.3,-5.24,0.0;3.78,-4.81,0.0;4.03,-3.8,0.0;2.29,-3.48,0.0;2.94,-1.68,0.0;3.35,-0.45,0.0;4.33,-1.13,0.0;4.99,-1.97,0.0;5.38,-3.37,0.0;5.29,-4.35,0.0;5.42,-4.61,0.0;5.3,-5.24,0.0;
3485.24,1.14,3.53,0.0;3.36,7.54,0.0;-0.21,7.25,0.0;-0.55,6.73,0.0;-1.19,5.12,0.0;-1.46,3.91,0.0;-1.92,0.39,0.0;1.54,0.36,0.0;2.05,0.21,0.0;3.35,-0.45,0.0;4.33,-1.13,0.0;3.54,0.31,0.0;3.66,1.53,0.0;3.45,3.36,0.0;3.36,7.54,0.0;
3605.96,-3.9,3.47,0.0;-4.99,-1.25,0.0;-3.61,-0.06,0.0;-3.36,0.15,0.0;-2.75,0.36,0.0;-1.92,0.39,0.0;-1.46,3.91,0.0;-1.19,5.12,0.0;-0.55,6.73,0.0;-0.21,7.25,0.0;-5.94,6.89,0.0;-5.84,5.04,0.0;-6.07,4.36,0.0;-6.68,3.56,0.0;-6.97,2.47,0.0;-6.83,1.78,0.0;-6.01,-0.11,0.0;-4.99,-1.25,0.0;
293.19,-7.2,0.64,0.0;-6.83,1.78,0.0;-7.85,1.33,0.0;-8.73,0.06,0.0;-8.06,0.3,0.0;-7.16,-0.18,0.0;-6.32,-0.23,0.0;-6.01,-0.11,0.0;-6.83,1.78,0.0;
593.19,-7.06,-0.93,0.0;-4.99,-1.25,0.0;-6.01,-0.11,0.0;-6.35,-0.22,0.0;-7.14,-0.19,0.0;-8.06,0.3,0.0;-8.73,0.06,0.0;-9.23,-0.94,0.0;-6.82,-1.84,0.0;-6.18,-2.41,0.0;-4.99,-1.25,0.0;
548.52,-7.89,-2.46,0.0;-7.14,-4.16,0.0;-6.67,-2.89,0.0;-6.18,-2.41,0.0;-6.82,-1.84,0.0;-9.23,-0.94,0.0;-9.52,-2.47,0.0;-8.99,-2.56,0.0;-8.06,-3.05,0.0;-8.26,-3.83,0.0;-7.14,-4.16,0.0;
143.62,-8.9,-3.15,0.0;-8.26,-3.83,0.0;-8.06,-3.05,0.0;-8.99,-2.56,0.0;-9.52,-2.47,0.0;-9.7,-3.41,0.0;-9.42,-3.5,0.0;-8.26,-3.83,0.0;
7720.62,7.86,3.62,0.0;12.13,0.35,0.0;12.71,8.31,0.0;3.36,7.54,0.0;3.45,3.36,0.0;3.66,1.53,0.0;3.54,0.31,0.0;4.33,-1.13,0.0;4.83,-0.96,0.0;5.85,-1.55,0.0;6.55,-1.36,0.0;7.29,-1.58,0.0;8.18,-1.81,0.0;10.85,0.72,0.0;12.13,0.35,0.0;
1035.39,10.6,-1.47,0.0;12.13,0.35,0.0;10.85,0.72,0.0;8.18,-1.81,0.0;9.01,-2.57,0.0;9.94,-2.7,0.0;10.73,-3.47,0.0;10.96,-3.6,0.0;11.86,-3.44,0.0;12.13,0.35,0.0;
375.73,9.28,-3.85,0.0;10.73,-3.47,0.0;9.94,-2.7,0.0;9.01,-2.57,0.0;8.02,-5.05,0.0;8.82,-5.29,0.0;9.52,-4.53,0.0;10.73,-3.47,0.0;
544.85,10.26,-4.98,0.0;11.76,-4.83,0.0;11.86,-3.44,0.0;10.96,-3.6,0.0;10.73,-3.47,0.0;9.52,-4.53,0.0;8.82,-5.29,0.0;8.82,-5.87,0.0;8.84,-7.09,0.0;10.43,-5.7,0.0;11.76,-4.83,0.0;
695.5,10.45,-7.05,0.0;8.84,-7.09,0.0;8.85,-8.41,0.0;11.5,-8.43,0.0;11.76,-4.83,0.0;10.43,-5.7,0.0;8.84,-7.09,0.0;
347.3,7.96,-7.52,0.0;8.85,-8.41,0.0;8.82,-5.87,0.0;7.0,-7.48,0.0;6.74,-7.53,0.0;6.59,-8.38,0.0;8.85,-8.41,0.0;
494.24,5.75,-6.89,0.0;6.59,-8.38,0.0;4.71,-8.34,0.0;5.3,-5.24,0.0;5.42,-4.61,0.0;6.14,-5.2,0.0;6.74,-7.53,0.0;6.59,-8.38,0.0;
1702.54,-1.21,-5.38,0.0;-3.17,-7.99,0.0;-0.35,-8.17,0.0;-0.1,-6.99,0.0;1.21,-3.88,0.0;1.04,-3.56,0.0;0.38,-3.31,0.0;-2.35,-2.4,0.0;-2.88,-5.61,0.0;-3.17,-7.99,0.0;
332.62,-3.7,-6.74,0.0;-4.44,-7.93,0.0;-3.17,-7.99,0.0;-2.88,-5.61,0.0;-3.78,-5.31,0.0;-4.12,-5.88,0.0;-4.62,-7.03,0.0;-4.4,-7.49,0.0;-4.44,-7.93,0.0;
613.5,-5.32,-6.3,0.0;-4.44,-7.93,0.0;-4.4,-7.49,0.0;-4.62,-7.03,0.0;-4.12,-5.88,0.0;-3.78,-5.31,0.0;-6.27,-4.54,0.0;-6.34,-7.85,0.0;-4.44,-7.93,0.0;
340.59,-6.8,-6.1,0.0;-6.34,-7.85,0.0;-6.27,-4.54,0.0;-7.14,-4.16,0.0;-7.39,-6.82,0.0;-7.24,-7.78,0.0;-6.34,-7.85,0.0;
861.76,-8.4,-5.78,0.0;-7.24,-7.78,0.0;-7.39,-6.82,0.0;-7.14,-4.16,0.0;-9.42,-3.5,0.0;-9.38,-5.17,0.0;-9.49,-6.35,0.0;-9.73,-6.35,0.0;-9.47,-7.68,0.0;-7.24,-7.78,0.0;
306.47,-10.04,-5.25,0.0;-11.26,-6.38,0.0;-9.73,-6.35,0.0;-9.49,-6.35,0.0;-9.38,-5.17,0.0;-9.42,-3.5,0.0;-9.7,-3.41,0.0;-9.88,-3.76,0.0;-10.67,-5.33,0.0;-11.26,-6.38,0.0;
212.18,-10.42,-7.02,0.0;-11.26,-6.38,0.0;-9.73,-6.35,0.0;-9.47,-7.68,0.0;-11.28,-7.6,0.0;-11.26,-6.38,0.0;
357.35,-11.28,-4.33,0.0;-9.88,-3.76,0.0;-10.67,-5.33,0.0;-12.41,-5.06,0.0;-12.38,-4.44,0.0;-12.11,-3.3,0.0;-9.88,-3.76,0.0;
494.83,-12.14,-6.26,0.0;-10.67,-5.33,0.0;-12.41,-5.06,0.0;-13.16,-4.89,0.0;-13.15,-6.54,0.0;-13.05,-7.51,0.0;-11.28,-7.6,0.0;-11.26,-6.38,0.0;-10.67,-5.33,0.0;
